1e+06 0 1 -2 -2 -2
1e+06 0 1 -2 -2 -2
1e+06 0 1 -2 -2 -2
1e+06 0 0.00105480281579994 0.00157626755947339 2.48845394853461e-06 2.27755914838993
1e+06 0.192592592592593 0.000808471868292628 0.00129157117138241 2.35025005542023e-06 0.546998800391712
1e+06 0.683333333333333 0.000741803230436229 0.000256816714916305 1.10534158801113e-07 0.299163746516503
1e+06 0.517857142857143 0.000851953705690848 0.000557351806838789 5.08388667160333e-07 0.661348935671984
1e+06 0 1 -2 -2 -2
1e+06 0 1 -2 -2 -2
1e+06 0 0.000947765282702608 0.00122833464402951 1.51209877925893e-06 1.54294633066626
1e+06 0 1 -2 -2 -2
1e+06 0 0.000941769804050211 0.00130767265820277 1.71039112793703e-06 1.80584120143636
1e+06 0.241935483870968 0.000555723758781793 0.000510625914808913 3.42320602808938e-07 0.475654542788848
1e+06 0.621621621621622 0.00082164305980355 0.000455513143374839 2.99343266116086e-07 0.446115767887792
1e+06 0 1 -2 -2 -2
1e+06 0 0.000738851346181164 0.000569272610415948 3.40802585375717e-07 0.564738470937401
1e+06 0.208333333333333 0.000735696319719778 0.000831390899123187 9.00295136129367e-07 0.491294175870244
1e+06 0 0.000866938104180225 0.00080444467662574 6.5342551829675e-07 0.85008886178161
1e+06 0 1 -2 -2 -2
1e+06 0 1 -2 -2 -2
1e+06 0 1 -2 -2 -2
1e+06 0.75 0.000617164808840773 0.000287376450146739 1.08190021511413e-07 0.25281506243649
1e+06 0 1 -2 -2 -2
1e+06 0 1 -2 -2 -2
1e+06 0 0.000934041638093021 0.00103424150557205 1.07297881433632e-06 1.16072736076317
1e+06 0.442307692307692 0.000804706366520787 0.000559977557127147 3.82507054082229e-07 0.609189209949826
1e+06 0 1 -2 -2 -2
1e+06 0 1 -2 -2 -2
1e+06 0.119047619047619 0.000769875707534971 0.000624103764244102 4.45390491999813e-07 0.706518820480275
1e+06 0 1 -2 -2 -2
1e+06 0 0.00101154466990024 0.00150069536468607 2.25220910440963e-06 2.19175819364008
1e+06 0 1 -2 -2 -2
1e+06 0 1 -2 -2 -2
1e+06 0 1 -2 -2 -2
1e+06 0 1 -2 -2 -2
1e+06 0 1 -2 -2 -2
1e+06 0 1 -2 -2 -2
1e+06 0 1 -2 -2 -2
1e+06 0 0.00109963138112287 0.00184254814116942 3.3953474090231e-06 3.35761288514172
1e+06 0 1 -2 -2 -2
1e+06 0 1 -2 -2 -2
1e+06 0 1 -2 -2 -2
1e+06 0 1 -2 -2 -2
1e+06 0 1 -2 -2 -2
1e+06 0 1 -2 -2 -2
1e+06 0 1 -2 -2 -2
1e+06 0 1 -2 -2 -2
1e+06 0 1 -2 -2 -2
1e+06 0 1 -2 -2 -2
1e+06 0 1 -2 -2 -2
1e+06 0.576271186440678 0.000786676212989475 0.000409053443238055 3.03597940201503e-07 0.491777489508175
1e+06 0.3828125 0.000777847021873359 0.0011235897409651 2.46792615257967e-06 0.443961103925615
1e+06 0.534883720930233 0.000693993931328363 0.000340531044167823 1.56313035913859e-07 0.266671422038985
1e+06 0 1 -2 -2 -2
1e+06 0.337209302325581 0.000883576751084129 0.000620539625448015 5.20675272055319e-07 0.531167725813552
1e+06 0 1 -2 -2 -2
1e+06 0.24 0.000620733595815732 0.00120717906194998 2.27437219826082e-06 0.417434824627084
1e+06 0 1 -2 -2 -2
1e+06 0.355140186915888 0.0010169904339915 0.000619566612119117 5.44971820144556e-07 0.337501977797194
1e+06 0 1 -2 -2 -2
1e+06 0 1 -2 -2 -2
1e+06 0.451851851851852 0.000801352601880039 0.000974803521385493 1.98958948534883e-06 0.31159282745991
1e+06 0.401639344262295 0.00085689304327112 0.000820727352296854 1.2078178294999e-06 0.343243874939943
1e+06 0 1 -2 -2 -2
1e+06 0 0.000951991761316444 0.00133216830531697 1.77499759163832e-06 1.84086537246227
1e+06 0 0.00101233942186348 0.00133075152857562 1.77990500479447e-06 1.66018994734781
1e+06 0.337662337662338 0.000728633295871592 0.000490484332895693 3.11921590266177e-07 0.411761698812653
1e+06 0 1 -2 -2 -2
1e+06 0 0.00104255153974898 0.00159445979699762 2.54253966404572e-06 2.41876818451801
1e+06 0 0.000744882588463727 0.000836217598382718 7.32840615339366e-07 1.04754612186474
1e+06 0.0222222222222222 0.000837814819562481 0.000694719220567753 5.0526387319062e-07 0.730223906647173
1e+06 0 0.000998155603519903 0.00156127508093168 2.44391079095479e-06 2.55730402197979
1e+06 0 1 -2 -2 -2
1e+06 0 0.000944717640087997 0.00136521481920428 1.87317850063386e-06 2.00721763623163
1e+06 0 0.000928367537619843 0.00103668689337691 1.07761968543947e-06 1.17611992587125
1e+06 0 1 -2 -2 -2
1e+06 0 1 -2 -2 -2
1e+06 0 1 -2 -2 -2
1e+06 0.294117647058824 0.000982938004300056 0.000922520879806717 1.14535471934441e-06 0.538249024993327
1e+06 0.177966101694915 0.00061088072599778 0.00108279325744021 1.64135248281011e-06 0.443003003705185
1e+06 0 1 -2 -2 -2
1e+06 0 1 -2 -2 -2
1e+06 0 0.000949019086175271 0.00124474082320733 1.55277068787467e-06 1.5862091181456
1e+06 0 1 -2 -2 -2
1e+06 0 1 -2 -2 -2
1e+06 0 1 -2 -2 -2
1e+06 0 1 -2 -2 -2
1e+06 0 0.00103155470063194 0.00168129131483733 2.82967725227524e-06 2.97697242795816
1e+06 0 0.000973867510463177 0.00147081357190601 2.17299895844451e-06 2.29818564727615
1e+06 0 1 -2 -2 -2
1e+06 0 1 -2 -2 -2
1e+06 0.542372881355932 0.000843572801794447 0.000503108136117456 5.15108869648526e-07 0.628518133612448
1e+06 0 1 -2 -2 -2
1e+06 0 1 -2 -2 -2
1e+06 0.918367346938776 0.000572185478176735 0.00010421835655248 1.96105885829364e-08 0.106689493249504
1e+06 0 1 -2 -2 -2
1e+06 0 1 -2 -2 -2
1e+06 0 0.000706864846570954 0.000756709888456753 6.20006267133229e-07 0.933013236143454
1e+06 0 0.000968310284536697 0.0012622894574747 1.59678073223494e-06 1.58579358643097
1e+06 0 1 -2 -2 -2
1e+06 0 0.00101424157637381 0.00152674124983721 2.33219781447208e-06 2.3039908180638
1e+06 0 1 -2 -2 -2
1e+06 0 0.000766353197146335 0.000642554045531007 4.18073670140808e-07 0.665647512840688
1e+06 0.928571428571429 0.000490286083672689 0.000172109723204443 4.90888175265189e-08 0.147628646435767
1e+06 0 1 -2 -2 -2
1e+06 0.742424242424242 0.000697378737746114 0.000283011575492154 1.18729555366374e-07 0.289693510059076
1e+06 0.457446808510638 0.000651136866993824 0.000657018953043732 7.77429360444468e-07 0.255085253007778
1e+06 0 0.000996176999731676 0.0013958170965745 1.94881075764831e-06 1.90365697282328
1e+06 0 1 -2 -2 -2
1e+06 0.357142857142857 0.00087873455855799 0.000574696759590901 3.84912682233733e-07 0.588788602562637
1e+06 0 1 -2 -2 -2
1e+06 0 1 -2 -2 -2
1e+06 0 0.00103994200481109 0.00149677599554595 2.24723016981046e-06 2.06003120548673
1e+06 0 1 -2 -2 -2
1e+06 0 1 -2 -2 -2
1e+06 0 1 -2 -2 -2
1e+06 0 0.00106193728904685 0.0017467478387104 3.05120944566856e-06 3.09927459246932
1e+06 0 0.000995487933035946 0.00118179798355413 1.46536648033078e-06 1.38434051591573
1e+06 0 1 -2 -2 -2
1e+06 0 1 -2 -2 -2
1e+06 0.160714285714286 0.000709868952535331 0.00116739761382446 1.79803090394773e-06 0.598848276119281
1e+06 0 1 -2 -2 -2
1e+06 0 1 -2 -2 -2
1e+06 0 0.000836262248935724 0.000789413552070444 6.23695294119113e-07 0.844363705383326
1e+06 0 1 -2 -2 -2
1e+06 0 0.000698098190841749 0.000504580915023339 2.76851318630441e-07 0.493615350019005
1e+06 0 0.000885388382361494 0.00118012577308428 1.41603957326773e-06 1.61776537557658
1e+06 0 1 -2 -2 -2
1e+06 0 1 -2 -2 -2
1e+06 0.631578947368421 0.000773231205656914 0.000394423595217577 2.16713834811212e-07 0.360563241513979
1e+06 0.48 0.000561398470708983 0.00037653108284175 2.49053293705648e-07 0.364505323988502
1e+06 0 1 -2 -2 -2
1e+06 0 1 -2 -2 -2
1e+06 0 1 -2 -2 -2
1e+06 0 0.000685136424053208 0.000819487810208097 8.24157517108362e-07 1.12297650883284
1e+06 0 1 -2 -2 -2
1e+06 0 1 -2 -2 -2
1e+06 0.352272727272727 0.000739101024518822 0.000510517397465061 3.44494997026359e-07 0.340609119643267
1e+06 0 0.000863823352005632 0.00111384270277169 1.25642813871351e-06 1.47797337208571
1e+06 0 0.000856275664245189 0.000871021919376881 7.597760940569e-07 0.959474533605869
1e+06 0 1 -2 -2 -2
1e+06 0 1 -2 -2 -2
1e+06 0 0.000787067033583665 0.000663251089720601 4.47472991571724e-07 0.705620937823562
1e+06 0 0.000840423137401446 0.00115294475347566 1.3750108324566e-06 1.6938219890658
1e+06 0 1 -2 -2 -2
1e+06 0.26 0.000941724658539179 0.000805200997421766 8.32140121059102e-07 0.581525485068265
1e+06 0 0.000951716630659074 0.00123498419853259 1.52560934926096e-06 1.56086256571168
1e+06 0 0.00101144304576653 0.00113602628143037 1.32073154657539e-06 1.25826215751914
1e+06 0.472727272727273 0.000817643182852718 0.000500803181644701 3.01325039244338e-07 0.528427994696925
1e+06 0 0.000721662966010518 0.000687705454869156 5.07848377064507e-07 0.762057189940713
1e+06 0 0.00108486961043937 0.00159197259330557 2.55061698678704e-06 2.20268884474129
1e+06 0 1 -2 -2 -2
1e+06 0 1 -2 -2 -2
1e+06 0 0.00089404100465681 0.000841258235463554 7.40454184958879e-07 0.899965947214587
1e+06 0 0.000849620656573976 0.0011008500097837 1.22749249788705e-06 1.48788767560122
1e+06 0 1 -2 -2 -2
1e+06 0 1 -2 -2 -2
1e+06 0 1 -2 -2 -2
1e+06 0 1 -2 -2 -2
1e+06 0 1 -2 -2 -2
1e+06 0.540540540540541 0.000538743482126304 0.000255206076581036 1.08901299650703e-07 0.2256386834413
1e+06 0 1 -2 -2 -2
1e+06 0 1 -2 -2 -2
1e+06 0 1 -2 -2 -2
1e+06 0 1 -2 -2 -2
1e+06 0.893939393939394 0.000619482252637781 0.00021004193983469 5.4137332469212e-08 0.169586127706344
1e+06 0 1 -2 -2 -2
1e+06 0 1 -2 -2 -2
1e+06 0 1 -2 -2 -2
1e+06 0 0.00102005893667754 0.00162595064906629 2.6459544344372e-06 2.73712909377529
1e+06 0 1 -2 -2 -2
1e+06 0 0.000993318888829564 0.0015827371376709 2.51008630841047e-06 2.72831881716085
1e+06 0.194029850746269 0.000471147623587752 0.00050266999850419 2.9949773327523e-07 0.35660610854023
1e+06 0 0.000729509363716788 0.00079812670762327 6.79430552576652e-07 0.990108635933923
1e+06 0 1 -2 -2 -2
1e+06 0.543478260869565 0.000816145388377158 0.000434804875737769 3.13417577447308e-07 0.212775880583639
1e+06 0 1 -2 -2 -2
1e+06 0 1 -2 -2 -2
1e+06 0 1 -2 -2 -2
1e+06 0 1 -2 -2 -2
1e+06 0 0.00107584467428258 0.00152732515684549 2.35280033456517e-06 2.02568815218132
1e+06 0 0.000918349269353944 0.000802938076636099 6.48060074832417e-07 0.794692543645094
1e+06 0.492063492063492 0.000862036306717703 0.000472721619713768 3.39569863911146e-07 0.519359466438563
1e+06 0 1 -2 -2 -2
1e+06 0 1 -2 -2 -2
1e+06 0 1 -2 -2 -2
1e+06 0.725490196078431 0.000673598766133564 0.000265140768777675 7.96865629892488e-08 0.271071415317057
1e+06 0 1 -2 -2 -2
1e+06 0 1 -2 -2 -2
1e+06 0 1 -2 -2 -2
1e+06 0 1 -2 -2 -2
1e+06 0 1 -2 -2 -2
1e+06 0 0.000982012145134606 0.00131326701375599 1.72717224723338e-06 1.69361145603725
1e+06 0 1 -2 -2 -2
1e+06 0 1 -2 -2 -2
1e+06 0.345238095238095 0.000661073016174292 0.000444715450026587 2.63469992349346e-07 0.263897080834472
1e+06 0 1 -2 -2 -2
1e+06 0 1 -2 -2 -2
1e+06 0 0.00085262889259854 0.00103764754249512 1.08457991136286e-06 1.29948043225842
1e+06 0.363636363636364 0.000596107141490848 0.000483005240658122 3.64370770318221e-07 0.50786706019962
1e+06 0.4 0.000438158450735891 0.00028893532092902 1.24558219566197e-07 0.307422540621852
1e+06 0 0.000824972720779405 0.000785458566704174 6.2153381396984e-07 0.848888523852262
1e+06 0 1 -2 -2 -2
1e+06 0 1 -2 -2 -2
1e+06 0 1 -2 -2 -2
1e+06 0.708333333333333 0.000717147610092113 0.000353992910656043 1.27994448613425e-07 0.324272833795521
1e+06 0 1 -2 -2 -2
1e+06 0 0.000934517082773142 0.00110777840511333 1.22761673839785e-06 1.30690973590878
1e+06 0 1 -2 -2 -2
1e+06 0 1 -2 -2 -2
1e+06 0 1 -2 -2 -2
1e+06 0 1 -2 -2 -2
1e+06 0 0.000924538921339994 0.00103055388155332 1.08628210105061e-06 1.16811600242493
1e+06 0 0.000981939461564532 0.00160511881351813 2.58383675499459e-06 2.99352324540297
1e+06 0 1 -2 -2 -2
1e+06 0 1 -2 -2 -2
1e+06 0 1 -2 -2 -2
1e+06 0 0.00101409431040836 0.00142913865912268 2.04319406321783e-06 1.94989489211278
1e+06 0 1 -2 -2 -2
1e+06 0 1 -2 -2 -2
1e+06 0 0.00106167693865805 0.00164916518644631 2.72064337528851e-06 2.55661202729213
1e+06 0 1 -2 -2 -2
1e+06 0 1 -2 -2 -2
1e+06 0 1 -2 -2 -2
1e+06 0 1 -2 -2 -2
1e+06 0 1 -2 -2 -2
1e+06 0 1 -2 -2 -2
1e+06 0 1 -2 -2 -2
1e+06 0 1 -2 -2 -2
1e+06 0 0.000686640332328781 0.000464784089155784 2.25876928740198e-07 0.464612759343203
1e+06 0 1 -2 -2 -2
1e+06 0 1 -2 -2 -2
1e+06 0 0.00108213502184006 0.00144000758933402 2.12097821026561e-06 1.76582320834236
1e+06 0 0.000810795268955628 0.00104460160448068 1.13856598072768e-06 1.41037197370636
1e+06 0 1 -2 -2 -2
1e+06 0 1 -2 -2 -2
1e+06 0 1 -2 -2 -2
1e+06 0 1 -2 -2 -2
1e+06 0 1 -2 -2 -2
1e+06 0 1 -2 -2 -2
1e+06 0 0.000750782926814162 0.000567337637948542 3.28032468881609e-07 0.564249352105554
1e+06 0 0.00105516480179722 0.00151102327026703 2.29285371605982e-06 2.05197002000318
1e+06 0 1 -2 -2 -2
1e+06 0 1 -2 -2 -2
1e+06 0 1 -2 -2 -2
1e+06 0 1 -2 -2 -2
1e+06 0 1 -2 -2 -2
1e+06 0 1 -2 -2 -2
1e+06 0.144 0.000771482823668583 0.00150727827558401 3.01990270525615e-06 0.747088011632656
1e+06 0 1 -2 -2 -2
1e+06 0.0555555555555556 0.000648487700434985 0.000646791360102795 5.38970111947318e-07 0.779044750482103
1e+06 0 1 -2 -2 -2
1e+06 0 0.000975463536012573 0.00124772279794673 1.55863471943274e-06 1.54105124502819
1e+06 0 1 -2 -2 -2
1e+06 0 1 -2 -2 -2
1e+06 0.602941176470588 0.000821593221127819 0.000468258990971445 3.51063531830288e-07 0.505995118185974
1e+06 0 1 -2 -2 -2
1e+06 0 0.000860917262032167 0.000771851697914433 6.7914566713501e-07 0.864320028468876
1e+06 0 1 -2 -2 -2
1e+06 0.134920634920635 0.000553828183386443 0.00150450209791317 3.23470934978128e-06 0.584008401689569
1e+06 0 1 -2 -2 -2
1e+06 0 1 -2 -2 -2
1e+06 0 1 -2 -2 -2
1e+06 0.228571428571429 0.000771596266049656 0.000839481225467074 1.02108755317137e-06 0.396826759578252
1e+06 0 1 -2 -2 -2
1e+06 0 1 -2 -2 -2
1e+06 0 1 -2 -2 -2
1e+06 0 0.000867797879153035 0.00117110090579121 1.40022585393848e-06 1.63406955883509
1e+06 0 0.00101633003067925 0.00137767670169316 1.90829206036619e-06 1.76801592746743
1e+06 0 1 -2 -2 -2
1e+06 0.191919191919192 0.00078696837389433 0.000951327840113167 1.14584058227042e-06 0.570366196422374
1e+06 0 0.000833201223595466 0.000699424309368274 4.93330138406095e-07 0.722341104571382
1e+06 0 0.000738274919446659 0.000653731549526393 4.51006639690306e-07 0.689970904718889
1e+06 0 1 -2 -2 -2
1e+06 0 1 -2 -2 -2
1e+06 0 1 -2 -2 -2
1e+06 0 0.001009227825073 0.00166423462980718 2.77436898159794e-06 3.10552673040901
1e+06 0.444444444444444 0.000637233492886809 0.000373307824198369 1.73003354482185e-07 0.343373650742173
1e+06 0 0.000978088081740246 0.00122605628918581 1.50841752574897e-06 1.48445414703694
1e+06 0.704545454545455 0.000619965173078543 0.00030229652403286 1.15731433088388e-07 0.335940934871797
1e+06 0 1 -2 -2 -2
1e+06 0.448275862068966 0.000856715107415072 0.000529808099828582 3.90695074059141e-07 0.580691406190548
1e+06 0 1 -2 -2 -2
1e+06 0 1 -2 -2 -2
1e+06 0 1 -2 -2 -2
1e+06 0 1 -2 -2 -2
1e+06 0 1 -2 -2 -2
1e+06 0 1 -2 -2 -2
1e+06 0.549295774647887 0.00094179308086101 0.000599720504037913 6.33874821189458e-07 0.66624549366037
1e+06 0 0.00105598706160553 0.00170379154997054 2.90291062494167e-06 2.87744437400824
1e+06 0 1 -2 -2 -2
1e+06 0 0.000762668897259133 0.000662040188160599 4.42507243172501e-07 0.700224101910803
1e+06 0 1 -2 -2 -2
1e+06 0 1 -2 -2 -2
1e+06 0 1 -2 -2 -2
1e+06 0 1 -2 -2 -2
1e+06 0 1 -2 -2 -2
1e+06 0 0.000991218514612537 0.00152959689636382 2.3441633211307e-06 2.44679291541955
1e+06 0 1 -2 -2 -2
1e+06 0 0.000798889071045034 0.000749308660523413 5.77976338095343e-07 0.79352351621837
1e+06 0.690909090909091 0.000680027292245368 0.000260626107136603 1.56690754695009e-07 0.342729583802497
1e+06 0.171052631578947 0.000638317597657779 0.000622682022965151 4.89484784319376e-07 0.504584364465021
1e+06 0 1 -2 -2 -2
1e+06 0 1 -2 -2 -2
1e+06 0 1 -2 -2 -2
1e+06 0 1 -2 -2 -2
1e+06 0 0.000886946926792691 0.00102657376544719 1.05567326310201e-06 1.20980946352501
1e+06 0 1 -2 -2 -2
1e+06 0 1 -2 -2 -2
1e+06 0 1 -2 -2 -2
1e+06 0 0.000860720679054831 0.00120149408889117 1.48259032302914e-06 1.7715256034804
1e+06 0 1 -2 -2 -2
1e+06 0 0.000843019856071624 0.000909055793893232 8.28708457251812e-07 1.0410073157645
1e+06 0.160493827160494 0.000533909594837749 0.000613973218077965 4.697865176221e-07 0.363281891897052
1e+06 0.838235294117647 0.000598878246417844 0.000256237751519048 7.8405293920771e-08 0.194318300639613
1e+06 0.207407407407407 0.000849508874216936 0.0012646888716205 2.55134593035967e-06 0.530718677386857
1e+06 0 1 -2 -2 -2
1e+06 0 1 -2 -2 -2
1e+06 0 1 -2 -2 -2
1e+06 0 1 -2 -2 -2
1e+06 0 0.000854592384048682 0.00108059303505172 1.1927151743279e-06 1.42249915182476
1e+06 0 1 -2 -2 -2
1e+06 0.172043010752688 0.000799379969753602 0.000955801799061272 1.13756969286232e-06 0.677143183443581
1e+06 0 1 -2 -2 -2
1e+06 0 0.000704384400577883 0.000665854665821126 4.88763616251847e-07 0.738507058105826
1e+06 0 1 -2 -2 -2
1e+06 0 1 -2 -2 -2
1e+06 0 0.00101713638614428 0.00155109660041337 2.40657407743062e-06 2.39213845398196
1e+06 0 0.000997182543681869 0.00162145472821399 2.64186024007604e-06 2.94033955165955
1e+06 0.577777777777778 0.000687489716214744 0.000389400742066126 1.59815855733943e-07 0.39492199888838
1e+06 0 1 -2 -2 -2
1e+06 0 1 -2 -2 -2
1e+06 0 1 -2 -2 -2
1e+06 0 1 -2 -2 -2
1e+06 0 1 -2 -2 -2
1e+06 0 0.000874196414615177 0.00109907550307702 1.21291108720967e-06 1.40573349285299
1e+06 0.148936170212766 0.000798949362482093 0.000528876945550761 2.80769252290553e-07 0.512343790395152
1e+06 0 1 -2 -2 -2
1e+06 0 1 -2 -2 -2
1e+06 0.324675324675325 0.000887388034000644 0.000623533471015625 5.28747829009997e-07 0.582297599619451
1e+06 0 1 -2 -2 -2
1e+06 0 0.00101803796535024 0.00168420118352407 2.84658240401728e-06 3.14018872887929
1e+06 0 1 -2 -2 -2
1e+06 0 1 -2 -2 -2
1e+06 0 1 -2 -2 -2
1e+06 0 1 -2 -2 -2
1e+06 0 0.000735556552069084 0.0008068808960633 7.0817902295746e-07 0.990984422089305
1e+06 0 1 -2 -2 -2
1e+06 0.185185185185185 0.000829250259850982 0.00121750534964015 2.12082841759277e-06 0.549155765704427
1e+06 0 0.00104298513831442 0.00136832110638557 1.91830845579008e-06 1.68186047688472
1e+06 0 1 -2 -2 -2
1e+06 0 1 -2 -2 -2
1e+06 0 0.000872240816317425 0.00124113488558497 1.58343476789701e-06 1.87031328092615
1e+06 0 1 -2 -2 -2
1e+06 0 1 -2 -2 -2
1e+06 0 1 -2 -2 -2
1e+06 0 0.000809929643191099 0.000882492836957759 7.92864034601135e-07 1.02831479667651
1e+06 0 1 -2 -2 -2
1e+06 0 1 -2 -2 -2
1e+06 0 1 -2 -2 -2
1e+06 0 1 -2 -2 -2
1e+06 0 1 -2 -2 -2
1e+06 0 1 -2 -2 -2
1e+06 0 1 -2 -2 -2
1e+06 0 1 -2 -2 -2
1e+06 0.346153846153846 0.000580211888245515 0.00133631477863934 2.91956189785804e-06 0.421459186675833
1e+06 0 0.000890452932262095 0.00106647593536942 1.14022863962044e-06 1.28648811539512
1e+06 0 1 -2 -2 -2
1e+06 0 1 -2 -2 -2
1e+06 0 0.00100138586047502 0.00139859401927611 1.95820056883125e-06 1.88577391826642
1e+06 0 1 -2 -2 -2
1e+06 0 1 -2 -2 -2
1e+06 0 0.000930912607763298 0.00135774412346008 1.85508723114906e-06 2.03044524681296
1e+06 0 1 -2 -2 -2
1e+06 0 1 -2 -2 -2
1e+06 0 1 -2 -2 -2
1e+06 0 1 -2 -2 -2
1e+06 0 0.000723430196124856 0.000695952111927916 5.08651665716559e-07 0.78313244854829
1e+06 0.442307692307692 0.000865104874820257 0.000648025693525479 6.01752199975599e-07 0.752435625612347
1e+06 0 1 -2 -2 -2
1e+06 0.155963302752294 0.000890574483901852 0.00110386127710196 1.51472872230866e-06 0.645532939282544
1e+06 0 1 -2 -2 -2
1e+06 0.481481481481481 0.000701232025577565 0.00122949145346056 3.08235848643389e-06 0.372147355516413
1e+06 0 1 -2 -2 -2
1e+06 0 1 -2 -2 -2
1e+06 0 1 -2 -2 -2
1e+06 0 1 -2 -2 -2
1e+06 0 1 -2 -2 -2
1e+06 0.5 0.000558478203343283 0.000338667979896344 1.97245577696186e-07 0.309674167342046
1e+06 0 1 -2 -2 -2
1e+06 0 1 -2 -2 -2
1e+06 0 1 -2 -2 -2
1e+06 0 1 -2 -2 -2
1e+06 0 1 -2 -2 -2
1e+06 0 1 -2 -2 -2
1e+06 0.237037037037037 0.000924400276670332 0.00102202240073618 1.45817639049039e-06 0.468805464568517
1e+06 0 0.000804009941376574 0.000814068657003688 6.69815681136352e-07 0.906611315844068
1e+06 0 0.00093121710742209 0.00130771663368076 1.72175577938986e-06 1.84655459642269
1e+06 0 1 -2 -2 -2
1e+06 0 1 -2 -2 -2
1e+06 0 1 -2 -2 -2
1e+06 0.141509433962264 0.000668033594914139 0.00110663457537164 1.56628729784432e-06 0.606071316371301
1e+06 0 1 -2 -2 -2
1e+06 0 1 -2 -2 -2
1e+06 0 1 -2 -2 -2
1e+06 0 1 -2 -2 -2
1e+06 0 0.000990667262117847 0.00162450794350846 2.64482206329724e-06 3.03061741234038
1e+06 0 1 -2 -2 -2
1e+06 0.672413793103448 0.000687421013862642 0.000245947873623885 1.35922223158394e-07 0.318102693072168
1e+06 0 1 -2 -2 -2
1e+06 0 1 -2 -2 -2
1e+06 0 1 -2 -2 -2
1e+06 0 0.000961155543370729 0.0014532433604626 2.12141702835928e-06 2.2710120163415
1e+06 0 1 -2 -2 -2
1e+06 0 1 -2 -2 -2
1e+06 0 1 -2 -2 -2
1e+06 0 1 -2 -2 -2
1e+06 0.296 0.000784939359935554 0.0011556072694371 2.35049770131934e-06 0.447752778098578
1e+06 0 0.000922949464898244 0.0010850997021132 1.18597708670623e-06 1.27475386122041
1e+06 0 1 -2 -2 -2
1e+06 0 0.000740282375554761 0.000723178733692121 5.58963681333715e-07 0.812452625157534
1e+06 0 1 -2 -2 -2
1e+06 0.627118644067797 0.00074866313200091 0.000292990950314503 1.47183406017975e-07 0.34542700341938
1e+06 0 1 -2 -2 -2
1e+06 0 0.000702706301869864 0.00074918712417564 6.50552143121711e-07 0.914756118399808
1e+06 0 1 -2 -2 -2
1e+06 0 0.00102286076052993 0.00150905220953209 2.2777280235154e-06 2.17000532387833
1e+06 0 1 -2 -2 -2
1e+06 0 0.000825267310104889 0.0010283834465401 1.09989473798749e-06 1.36344702428946
1e+06 0.172043010752688 0.000817569077635569 0.000965710884052296 1.16168570238023e-06 0.698069342634466
1e+06 0.251908396946565 0.000806405065082441 0.00109479939258065 1.90643144519638e-06 0.401690304308578
1e+06 0 0.00104430557301713 0.00167679819775121 2.81192736175807e-06 2.8284954397933
1e+06 0 1 -2 -2 -2
1e+06 0 1 -2 -2 -2
1e+06 0 0.00101031129526231 0.00144653115414192 2.09709203256081e-06 1.98761077733109
1e+06 0.219178082191781 0.000677807262633863 0.000583107117395443 4.65821102494447e-07 0.528026990077722
1e+06 0 1 -2 -2 -2
1e+06 0 1 -2 -2 -2
1e+06 0.152671755725191 0.00082853004652847 0.00154936321916443 3.33500900482348e-06 0.711389789180296
1e+06 0 1 -2 -2 -2
1e+06 0 0.000829333337703429 0.00100011821307672 1.02264672072673e-06 1.27140459544118
1e+06 0 1 -2 -2 -2
1e+06 0.977777777777778 0.000648098980329605 0.00025307178598784 8.01029178053969e-08 0.209516739100532
1e+06 0 0.00084723696086577 0.000738374989528892 5.48048064331857e-07 0.764668074462671
1e+06 0 1 -2 -2 -2
1e+06 0 1 -2 -2 -2
1e+06 0 1 -2 -2 -2
1e+06 0 0.000700257147140896 0.000838469874878035 8.26354271486369e-07 1.16026948924959
1e+06 0 1 -2 -2 -2
1e+06 0 0.000965344734066415 0.00116349290585184 1.36569895312621e-06 1.3700971839989
1e+06 0 1 -2 -2 -2
1e+06 0 1 -2 -2 -2
1e+06 0 1 -2 -2 -2
1e+06 0 1 -2 -2 -2
1e+06 0 1 -2 -2 -2
1e+06 0 1 -2 -2 -2
1e+06 0 1 -2 -2 -2
1e+06 0 1 -2 -2 -2
1e+06 0 1 -2 -2 -2
1e+06 0 1 -2 -2 -2
1e+06 0.872340425531915 0.000589406517680663 0.00015744427613141 3.81679299827737e-08 0.160044862461753
1e+06 0 0.000843133439298099 0.000960468974674049 9.25889975465129e-07 1.14352198096928
1e+06 0 1 -2 -2 -2
1e+06 0.466666666666667 0.000945105900767779 0.000819022853484571 1.20639661830998e-06 0.252568144800293
1e+06 0.158415841584158 0.000607077603822804 0.00102947340684898 1.43884249635348e-06 0.508594592793037
1e+06 0 0.000764682464052285 0.000644740348333409 4.18605982380573e-07 0.677823995723437
1e+06 0 0.00100108757132222 0.00129754628559727 1.68514300929269e-06 1.61953544510798
1e+06 0 0.000896565590936274 0.00111712579307052 1.24890349202248e-06 1.39992998629606
1e+06 0 0.00105209726102385 0.00174049496029065 3.03067301061391e-06 3.16557002527836
1e+06 0 1 -2 -2 -2
1e+06 0 1 -2 -2 -2
1e+06 0 0.00102754162148964 0.00148222398633087 2.19738251190031e-06 2.08538435196858
1e+06 0 1 -2 -2 -2
1e+06 0 0.000940896842225072 0.00139188699340015 1.94614640541032e-06 2.13011461190503
1e+06 0 0.00106817050671003 0.00167704849434533 2.81331157505215e-06 2.65195278626075
1e+06 0 0.000997774182158814 0.00136266248571095 1.85957037856651e-06 1.7840973427636
1e+06 0 1 -2 -2 -2
1e+06 0 1 -2 -2 -2
1e+06 0 1 -2 -2 -2
1e+06 0 1 -2 -2 -2
1e+06 0.14 0.00100025513930021 0.000925205505545525 9.51054833217996e-07 0.965992899527157
1e+06 0 1 -2 -2 -2
1e+06 0 0.00106152313468014 0.00163487859862743 2.67440509709066e-06 2.48626400142451
1e+06 0 1 -2 -2 -2
1e+06 0 0.00101344309011793 0.00151821289542631 2.30527614061778e-06 2.25571081452553
1e+06 0 1 -2 -2 -2
1e+06 0 1 -2 -2 -2
1e+06 0 1 -2 -2 -2
1e+06 0 1 -2 -2 -2
1e+06 0 1 -2 -2 -2
1e+06 0 1 -2 -2 -2
1e+06 0 1 -2 -2 -2
1e+06 0 1 -2 -2 -2
1e+06 0 1 -2 -2 -2
1e+06 0 1 -2 -2 -2
1e+06 0 0.000730724116279704 0.000663708266753493 4.53985335849186e-07 0.719917394509369
1e+06 0 1 -2 -2 -2
1e+06 0 1 -2 -2 -2
1e+06 0 1 -2 -2 -2
1e+06 0 0.000748403264266714 0.000806292183809462 7.12026947902551e-07 0.969519367928068
1e+06 0 1 -2 -2 -2
1e+06 0 1 -2 -2 -2
1e+06 0 1 -2 -2 -2
1e+06 0 1 -2 -2 -2
1e+06 0 1 -2 -2 -2
1e+06 0 1 -2 -2 -2
1e+06 0 0.000757957838260691 0.000799284756270419 6.72087358936568e-07 0.935543526364918
1e+06 0 0.000971113758091152 0.00139925997928711 1.95952127953801e-06 1.99676514139979
1e+06 0 1 -2 -2 -2
1e+06 1 0.000574823481360813 8.9891530063524e-05 1.39344542794592e-08 0.0660884259058241
1e+06 0 1 -2 -2 -2
1e+06 0 1 -2 -2 -2
1e+06 0 1 -2 -2 -2
1e+06 0 0.000758272310975673 0.00100891895108162 1.10205219850666e-06 1.52713716535968
1e+06 0 0.000890838382290026 0.00109664520901891 1.20619739984006e-06 1.36307413923704
1e+06 0 1 -2 -2 -2
1e+06 0 0.000651586535579304 0.000457221875565883 2.53725056443542e-07 0.444674127283452
1e+06 0 1 -2 -2 -2
1e+06 0 0.00105803929586279 0.00175373061358525 3.07635624232125e-06 3.19064240125193
1e+06 0 1 -2 -2 -2
1e+06 0 0.00110224209954281 0.0015262317748475 2.3728861167998e-06 1.93694162972698
1e+06 0 1 -2 -2 -2
1e+06 0 0.00100540544252848 0.00160870636601256 2.59490261599737e-06 2.77128518025231
1e+06 0 1 -2 -2 -2
1e+06 0 1 -2 -2 -2
1e+06 0 0.000718853530921997 0.000561338047801045 3.27953715103062e-07 0.573346293513735
1e+06 0.173076923076923 0.00102614136034671 0.000943857511273603 1.00543026549851e-06 0.97786014702064
1e+06 0 1 -2 -2 -2
1e+06 0.794117647058823 0.000738663582623199 0.000201322861082996 5.89257520325277e-08 0.201074780543239
1e+06 0 1 -2 -2 -2
1e+06 0 1 -2 -2 -2
1e+06 0 0.000761569339246055 0.000902798426774597 8.57688557502022e-07 1.16844685153757
1e+06 0 1 -2 -2 -2
1e+06 0 0.000914385739605575 0.00131720377389055 1.75107439143855e-06 1.96416909112544
1e+06 0 1 -2 -2 -2
1e+06 0 1 -2 -2 -2
1e+06 0 1 -2 -2 -2
1e+06 0 1 -2 -2 -2
1e+06 0.828947368421053 0.000696971474552409 0.000249003012182716 8.87595629637424e-08 0.160719487595924
1e+06 0 0.000937214017242939 0.00141099420271248 2.01012988541043e-06 2.24040569620415
1e+06 0.963636363636364 0.000583795644389265 0.000121796262475767 1.78378577738406e-08 0.110661659165936
1e+06 0 1 -2 -2 -2
1e+06 0 0.000781644522810051 0.00074271582857615 5.63904363236236e-07 0.80411441176152
1e+06 0 1 -2 -2 -2
1e+06 0 0.000654862452493109 0.000620589766875274 4.84859319151934e-07 0.710418793248454
1e+06 0 1 -2 -2 -2
1e+06 0.25 0.000928531852414627 0.000975419425709172 1.33671182662523e-06 0.500622372306802
1e+06 0.215909090909091 0.000773046058127603 0.000739176176510963 6.8796159580601e-07 0.52732317658085
1e+06 0 1 -2 -2 -2
1e+06 0 1 -2 -2 -2
1e+06 0 0.000784583644990987 0.00112423948244931 1.35598262324753e-06 1.89811701285642
1e+06 0 1 -2 -2 -2
1e+06 0 0.000913783429374261 0.0013208413067526 1.76635619355687e-06 1.96475116621571
1e+06 0 1 -2 -2 -2
1e+06 0 0.000902287867158595 0.000889506104289998 8.01380271457204e-07 0.954013522468702
1e+06 0 1 -2 -2 -2
1e+06 0.159090909090909 0.000538489586025317 0.000761428767264859 7.5133987886059e-07 0.411613305037379
1e+06 0 0.00107125944280133 0.00119488771685475 1.56736066733646e-06 1.31940144916364
1e+06 0 1 -2 -2 -2
1e+06 0 0.001107884007005 0.00182866546194897 3.34589932437754e-06 3.17204647635381
1e+06 0.136363636363636 0.000624298404615613 0.000541543473147995 3.82123958675725e-07 0.602185670896271
1e+06 0 1 -2 -2 -2
1e+06 0 1 -2 -2 -2
1e+06 0 0.00100403844352565 0.00162107308725701 2.63582831616583e-06 2.86534930303765
1e+06 0 1 -2 -2 -2
1e+06 0 0.000854498725585553 0.00108540847889495 1.19884148990469e-06 1.43348049336263
1e+06 0 0.00107358001947042 0.00135214562864671 1.87853422991525e-06 1.58780898123919
1e+06 0 1 -2 -2 -2
1e+06 0.28 0.000842366719669641 0.000623851379781738 4.29816978340024e-07 0.652854270900856
1e+06 0 1 -2 -2 -2
1e+06 0 1 -2 -2 -2
1e+06 0 1 -2 -2 -2
1e+06 1 0.00053616284063186 0.000125273211365617 2.07377220387228e-08 0.101122204030327
1e+06 0.606060606060606 0.000591516844880849 0.00032244430342564 1.81417725582045e-07 0.268974113450196
1e+06 0 1 -2 -2 -2
1e+06 0 1 -2 -2 -2
1e+06 0 1 -2 -2 -2
1e+06 1 0.000678506515802869 0.000148831296578015 3.25021236651788e-08 0.0849713384885995
1e+06 0 1 -2 -2 -2
1e+06 0 0.000785831324278864 0.000664726534905611 4.45394529110738e-07 0.684786735053095
1e+06 0 1 -2 -2 -2
1e+06 0 1 -2 -2 -2
1e+06 0 1 -2 -2 -2
1e+06 0 1 -2 -2 -2
1e+06 0 1 -2 -2 -2
1e+06 0 1 -2 -2 -2
1e+06 0 0.000868823054351837 0.0011554647988864 1.36223285465557e-06 1.58017349879248
1e+06 0 1 -2 -2 -2
1e+06 0 1 -2 -2 -2
1e+06 0 1 -2 -2 -2
1e+06 0 1 -2 -2 -2
1e+06 0.574074074074074 0.000745541669024505 0.000415391137582896 2.57996817023745e-07 0.482553906998719
1e+06 0 0.000912091385853805 0.00121614351850808 1.49339429118991e-06 1.64788942643244
1e+06 0 0.000891200801841655 0.0010586896709053 1.12160278480113e-06 1.27149118374114
1e+06 0 1 -2 -2 -2
1e+06 0 1 -2 -2 -2
1e+06 0.0888888888888889 0.000674348390131056 0.0013930660243455 2.61068909665925e-06 0.55048215390159
1e+06 0 0.000809039744465052 0.00086932092812666 7.64692686211933e-07 1.00706662505453
1e+06 0 1 -2 -2 -2
1e+06 0 0.00092480260517869 0.00133071136590384 1.78371908527003e-06 1.95208190986265
1e+06 0 1 -2 -2 -2
1e+06 0 1 -2 -2 -2
1e+06 0 1 -2 -2 -2
1e+06 0 1 -2 -2 -2
1e+06 0 1 -2 -2 -2
1e+06 0 1 -2 -2 -2
1e+06 0.234042553191489 0.000687650287846932 0.000667448847339545 5.75193168330737e-07 0.400970882984439
1e+06 0 1 -2 -2 -2
1e+06 0.206185567010309 0.000895316573891808 0.000960121543605348 1.15878613183899e-06 0.706335924887635
1e+06 0.5 0.000533127055814581 0.000371174700174929 2.59303311335052e-07 0.365666860856326
1e+06 0.170542635658915 0.000683100202899274 0.00126556496090072 2.27286648914483e-06 0.508101285923443
1e+06 0 1 -2 -2 -2
1e+06 0.140740740740741 0.000795335343457979 0.00134358397796023 2.49535597658111e-06 0.611799269744688
1e+06 0.446808510638298 0.000749959299964305 0.000522839870781786 3.0490516451344e-07 0.561915489758789
1e+06 0 0.00103235061802076 0.00154297215962945 2.38139679689568e-06 2.26092546934631
1e+06 0 0.00102137279907641 0.00136362355224105 1.87659870011795e-06 1.71292303859582
1e+06 0 0.000761720578110957 0.00083857873731752 7.34985507589002e-07 1.01734629060917
1e+06 0 1 -2 -2 -2
1e+06 0 1 -2 -2 -2
1e+06 0 1 -2 -2 -2
1e+06 0 1 -2 -2 -2
1e+06 0 1 -2 -2 -2
1e+06 0 1 -2 -2 -2
1e+06 0 1 -2 -2 -2
1e+06 0 1 -2 -2 -2
1e+06 0 1 -2 -2 -2
1e+06 0 1 -2 -2 -2
1e+06 0.654545454545455 0.000708997913970731 0.000297452558145401 1.35641170008417e-07 0.34526651748482
1e+06 0 0.000828167267749341 0.000819125396894938 6.72967184745686e-07 0.892540534228187
1e+06 0 0.000991278516745361 0.00148446389902907 2.20570850149951e-06 2.23763089495526
1e+06 0 1 -2 -2 -2
1e+06 0 1 -2 -2 -2
1e+06 0 1 -2 -2 -2
1e+06 0 1 -2 -2 -2
1e+06 0 1 -2 -2 -2
1e+06 0.313131313131313 0.000861805934380522 0.000630621174045738 5.4516922538386e-07 0.362535725691306
1e+06 0 0.000823033378241408 0.000768965263076122 5.92319982536269e-07 0.81864797032206
1e+06 0 1 -2 -2 -2
1e+06 0 0.000747435853062125 0.000682770261997936 5.0567460448557e-07 0.725939545132194
1e+06 0 1 -2 -2 -2
1e+06 0 1 -2 -2 -2
1e+06 0 1 -2 -2 -2
1e+06 0 1 -2 -2 -2
1e+06 0 1 -2 -2 -2
1e+06 0 1 -2 -2 -2
1e+06 0 0.00105142351348827 0.00149695377502313 2.25514808167945e-06 2.00848354979599
1e+06 0 1 -2 -2 -2
1e+06 0 1 -2 -2 -2
1e+06 0 1 -2 -2 -2
1e+06 0 1 -2 -2 -2
1e+06 0 1 -2 -2 -2
1e+06 0 0.00100872687565561 0.00159851198803366 2.56047744587486e-06 2.68629500302226
1e+06 0 1 -2 -2 -2
1e+06 0 1 -2 -2 -2
1e+06 0 1 -2 -2 -2
1e+06 0 0.000915091286065211 0.00112079468206273 1.25640478396424e-06 1.37031792390315
1e+06 0 0.00101241347038456 0.00138139452771124 1.92235221673629e-06 1.77862032713605
1e+06 0 0.000687986339348045 0.000595399698874577 3.90786315389615e-07 0.640832671796606
1e+06 0 1 -2 -2 -2
1e+06 0 1 -2 -2 -2
1e+06 0 1 -2 -2 -2
1e+06 0 1 -2 -2 -2
1e+06 0 1 -2 -2 -2
1e+06 0 0.000939894807428697 0.00145025216349956 2.12254403410997e-06 2.42403367662977
1e+06 0 0.00109211895954003 0.00149238080341711 2.27206379831483e-06 1.87196342266839
1e+06 0.099009900990099 0.000721504637214849 0.00139318976158387 2.37457118826973e-06 0.825453733215333
1e+06 0 1 -2 -2 -2
1e+06 0 1 -2 -2 -2
1e+06 0 1 -2 -2 -2
1e+06 0 1 -2 -2 -2
1e+06 0 1 -2 -2 -2
1e+06 0 1 -2 -2 -2
1e+06 0 1 -2 -2 -2
1e+06 0 0.00108952306900689 0.00138013399531916 1.9782367244183e-06 1.61785379699161
1e+06 0 0.000644252446229556 0.000487258555963305 2.64403537055866e-07 0.506268309049277
1e+06 0 1 -2 -2 -2
1e+06 0 1 -2 -2 -2
1e+06 0 1 -2 -2 -2
1e+06 0 0.000903193010891828 0.00123649841197491 1.53733725931077e-06 1.71513689462656
1e+06 0 1 -2 -2 -2
1e+06 0.223684210526316 0.00062111991715765 0.000572524655317566 4.03374367115669e-07 0.419639628430504
1e+06 0 1 -2 -2 -2
1e+06 0.351648351648352 0.000693338565677163 0.000457970284900008 2.87588937617507e-07 0.241451971939961
1e+06 0.0740740740740741 0.00070107886615227 0.000604251089598558 4.55074239850074e-07 0.621211532522032
1e+06 0 1 -2 -2 -2
1e+06 0.118518518518519 0.000547691056234253 0.0014626994755883 2.89511527344034e-06 0.527741362959542
1e+06 0 1 -2 -2 -2
1e+06 0.245614035087719 0.000974952429740073 0.000739670802055322 6.34840282484269e-07 0.746236128233579
1e+06 0 1 -2 -2 -2
1e+06 0 1 -2 -2 -2
1e+06 0.214814814814815 0.000786116563745082 0.00107659302292553 1.78183395032635e-06 0.34506823352795
1e+06 0 1 -2 -2 -2
1e+06 0 1 -2 -2 -2
1e+06 0 1 -2 -2 -2
1e+06 0 0.00108684945010688 0.00176782432852072 3.1258566730947e-06 2.98972543531392
1e+06 0 1 -2 -2 -2
1e+06 0.830769230769231 0.000660186020793581 0.000194716421454849 5.27187475002168e-08 0.188768721524474
1e+06 0 1 -2 -2 -2
1e+06 0.358695652173913 0.000796798336529496 0.00053702467084754 3.82879410383369e-07 0.363299240464536
1e+06 0 1 -2 -2 -2
1e+06 0 1 -2 -2 -2
1e+06 0 1 -2 -2 -2
1e+06 0 1 -2 -2 -2
1e+06 0.380952380952381 0.000595424478753824 0.000498113008803789 4.00440453456904e-07 0.532174927486406
1e+06 0 0.000936917205841127 0.00120308446315126 1.44771141186257e-06 1.51890314162144
1e+06 0 1 -2 -2 -2
1e+06 0 1 -2 -2 -2
1e+06 0 0.000981529180899885 0.00155685125129154 2.43541002978237e-06 2.67768556890448
1e+06 0 1 -2 -2 -2
1e+06 0 1 -2 -2 -2
1e+06 0 1 -2 -2 -2
1e+06 0.226190476190476 0.000577195906827182 0.000560013747943212 4.19720343048364e-07 0.30196791651344
1e+06 0 1 -2 -2 -2
1e+06 0 1 -2 -2 -2
1e+06 0 1 -2 -2 -2
1e+06 0 1 -2 -2 -2
1e+06 0 1 -2 -2 -2
1e+06 0 1 -2 -2 -2
1e+06 0.150793650793651 0.000892346916437429 0.00126675711152135 2.10914341750451e-06 0.617215144203111
1e+06 0.2 0.000522542647108361 0.00039332674267849 1.64499769836592e-07 0.272554378523994
1e+06 0 1 -2 -2 -2
1e+06 0 1 -2 -2 -2
1e+06 0 0.000893096859008067 0.000883101674092419 7.86295296489599e-07 0.949698229328401
1e+06 0 1 -2 -2 -2
1e+06 0.272727272727273 0.000948475066337742 0.000734503284441203 6.20631057644154e-07 0.751763965742678
1e+06 0 1 -2 -2 -2
1e+06 0 1 -2 -2 -2
1e+06 0 1 -2 -2 -2
1e+06 0 1 -2 -2 -2
1e+06 0.825 0.000565440664190608 0.000183035799405605 7.64324409023209e-08 0.129521419946923
1e+06 0 1 -2 -2 -2
1e+06 0 1 -2 -2 -2
1e+06 0.151515151515152 0.000846994897600316 0.00106625702809448 1.3897814071766e-06 0.710260604439433
1e+06 0 0.00109582721877408 0.00181917266303833 3.30996710785735e-06 3.23230203512151
1e+06 0 0.000917664738814272 0.00117699359104586 1.38618703974086e-06 1.49638450948358
1e+06 0 0.000964263726347421 0.00118553957482547 1.41110329560487e-06 1.41848513562601
1e+06 0 1 -2 -2 -2
1e+06 0 0.000770795455953205 0.00104958056636616 1.18081197993196e-06 1.62812050983314
1e+06 0.24 0.000859184603526074 0.000656624513223998 4.71649315691955e-07 0.682750974796565
1e+06 0 1 -2 -2 -2
1e+06 0 1 -2 -2 -2
1e+06 0 1 -2 -2 -2
1e+06 0.108695652173913 0.000477656667170296 0.00103892481847359 1.39535625301532e-06 0.541813561679129
1e+06 0 1 -2 -2 -2
1e+06 0.205357142857143 0.000664341790338372 0.000904476389525636 1.15851510279422e-06 0.389967282817997
1e+06 0.468468468468468 0.000759058895308829 0.000796436835836777 1.06108575158114e-06 0.300930194931887
1e+06 0 1 -2 -2 -2
1e+06 0.180851063829787 0.000727275290112593 0.000805447053565411 8.14878782666585e-07 0.529000082777472
1e+06 0 1 -2 -2 -2
1e+06 0 1 -2 -2 -2
1e+06 0 1 -2 -2 -2
1e+06 0 1 -2 -2 -2
1e+06 0.578125 0.000837559305200552 0.00033214265654737 1.46019438196764e-07 0.338287528095849
1e+06 0 1 -2 -2 -2
1e+06 0 1 -2 -2 -2
1e+06 0 1 -2 -2 -2
1e+06 0 1 -2 -2 -2
1e+06 0 1 -2 -2 -2
1e+06 0 0.00104833714850797 0.00157796078674621 2.49114007209732e-06 2.31457086482044
1e+06 0 1 -2 -2 -2
1e+06 0 1 -2 -2 -2
1e+06 0 1 -2 -2 -2
1e+06 0 1 -2 -2 -2
1e+06 0 1 -2 -2 -2
1e+06 0 1 -2 -2 -2
1e+06 0 1 -2 -2 -2
1e+06 0 1 -2 -2 -2
1e+06 0.450980392156863 0.000778311201047194 0.000429414627756426 1.87959420091962e-07 0.414624382311604
1e+06 0 0.000836639146562726 0.00096560199136512 9.66602397521591e-07 1.17452211812781
1e+06 0 1 -2 -2 -2
1e+06 0 0.000908846682669422 0.00127161265052178 1.63659109039113e-06 1.82157556994547
1e+06 0 0.000849987666055405 0.00110850567513764 1.24709176871775e-06 1.49594228436305
1e+06 0 1 -2 -2 -2
1e+06 0 1 -2 -2 -2
1e+06 0 1 -2 -2 -2
1e+06 0.101694915254237 0.000536152281604698 0.001475469123653 2.81515746849432e-06 0.673290771703222
1e+06 0 1 -2 -2 -2
1e+06 0 1 -2 -2 -2
1e+06 0 1 -2 -2 -2
1e+06 0 1 -2 -2 -2
1e+06 0 1 -2 -2 -2
1e+06 0 1 -2 -2 -2
1e+06 0 1 -2 -2 -2
1e+06 0.215686274509804 0.000739565600192925 0.000799819778218059 8.30084419470342e-07 0.461276129855007
1e+06 0 1 -2 -2 -2
1e+06 0 1 -2 -2 -2
1e+06 0 1 -2 -2 -2
1e+06 0 0.000803266125965908 0.00101681281465399 1.06081150834568e-06 1.38578385440639
1e+06 0 1 -2 -2 -2
1e+06 0 1 -2 -2 -2
1e+06 0 1 -2 -2 -2
1e+06 0 1 -2 -2 -2
1e+06 0.516129032258065 0.000611552149180427 0.000389720696126546 2.16879984145228e-07 0.360881850332732
1e+06 0 1 -2 -2 -2
1e+06 0.827586206896552 0.000712999775987479 0.000184258629421123 3.93102105283287e-08 0.18576414223299
1e+06 0 1 -2 -2 -2
1e+06 0 0.000975121716296151 0.00149520934074487 2.24515616981436e-06 2.38486124645696
1e+06 0 0.000697437711478405 0.0007721865570373 6.71063238434284e-07 0.991542051575106
1e+06 0.354838709677419 0.001029763412337 0.000821886795558808 9.4660585283496e-07 0.875342909757471
1e+06 0 1 -2 -2 -2
1e+06 0 0.000696547537897339 0.000783211227676395 6.90807947292913e-07 1.00643079578723
1e+06 0.575 0.000638542297796582 0.000340641113438433 1.30522545978988e-07 0.325151438618634
1e+06 0 0.0010326521968129 0.00120679539496795 1.5013807444368e-06 1.36136603978493
1e+06 0 0.000979848188903099 0.0014271405465089 2.04036082795323e-06 2.0697352905002
1e+06 0 1 -2 -2 -2
1e+06 0 0.00110544683633043 0.00188465382507045 3.55197056346729e-06 3.61957765480359
1e+06 0 1 -2 -2 -2
1e+06 0.381443298969072 0.000780950167154665 0.000528598812844434 3.84356184988102e-07 0.310489284419681
1e+06 0 0.0010439762244172 0.00142636609684954 2.07410464829487e-06 1.83652392008485
1e+06 0 1 -2 -2 -2
1e+06 0 1 -2 -2 -2
1e+06 0 1 -2 -2 -2
1e+06 0 0.000796439748343767 0.000926712660724399 8.89387738361563e-07 1.14952729423243
1e+06 0 0.00105065362008764 0.00157009713377925 2.46565177006784e-06 2.29867801290406
1e+06 0 0.00110567056627964 0.00185524163453832 3.44250153768783e-06 3.38128474601028
1e+06 0 1 -2 -2 -2
1e+06 0 1 -2 -2 -2
1e+06 0 1 -2 -2 -2
1e+06 0 0.000802884985635719 0.000701257235733392 4.93660079491663e-07 0.729147740835526
1e+06 0 1 -2 -2 -2
1e+06 0 1 -2 -2 -2
1e+06 0.342592592592593 0.000962590563960665 0.000646920186834471 6.19929203708353e-07 0.312995438678404
1e+06 0.355555555555556 0.000675309876703329 0.000482234221708222 3.35843277262423e-07 0.235207759463568
1e+06 0.666666666666667 0.000674348206491073 0.000301924671910634 1.19348777363815e-07 0.214557835892775
1e+06 0 1 -2 -2 -2
1e+06 0 1 -2 -2 -2
1e+06 0.608695652173913 0.000826207261587982 0.00036405106102507 1.96703677767548e-07 0.378785940617544
1e+06 0 0.00109852143311528 0.00185500137745979 3.44108253295216e-06 3.46852567475959
1e+06 0 1 -2 -2 -2
1e+06 0 1 -2 -2 -2
1e+06 0 1 -2 -2 -2
1e+06 0 1 -2 -2 -2
1e+06 0 1 -2 -2 -2
1e+06 0 0.000960624242717993 0.00145100808995702 2.11597546037001e-06 2.26626033404834
1e+06 0 1 -2 -2 -2
1e+06 0 1 -2 -2 -2
1e+06 0.871794871794872 0.000562897627016309 0.000189955814897117 6.82866120634483e-08 0.152032032815887
1e+06 0 1 -2 -2 -2
1e+06 0 1 -2 -2 -2
1e+06 0.982456140350877 0.000670404850371368 0.000103460384048805 1.20008503532541e-08 0.0955754988180393
1e+06 0 0.00101196471587023 0.00106102631836764 1.18845962737446e-06 1.13986151716548
1e+06 0 1 -2 -2 -2
1e+06 0 1 -2 -2 -2
1e+06 0 1 -2 -2 -2
1e+06 0.924528301886792 0.000687448028454916 0.000204105775418539 4.41175591820865e-08 0.174953947120802
1e+06 0.0888888888888889 0.000544017489249487 0.00172904091971079 3.93617463892528e-06 0.717970584469439
1e+06 0.578125 0.000832670411168709 0.00045355990738612 3.86690412356891e-07 0.535813806410646
1e+06 0 0.000992229566632466 0.00147496653768549 2.17681636480172e-06 2.18654359048943
1e+06 0 0.000769226810253577 0.00070020401767879 5.03710770688451e-07 0.74515297566822
1e+06 0 1 -2 -2 -2
1e+06 0 1 -2 -2 -2
1e+06 0 0.000701406071124143 0.000591900305763943 3.73316433254407e-07 0.624722488164663
1e+06 0 0.000862566124756693 0.00116266984126142 1.37499858760955e-06 1.6268688667893
1e+06 0 0.000862940349981956 0.001186294039289 1.43540357945464e-06 1.69067989377412
1e+06 0 0.000762318286831979 0.000692894495241 4.90567293540185e-07 0.743142727479954
1e+06 0 1 -2 -2 -2
1e+06 0.142857142857143 0.000920156067047233 0.00078596314740973 6.73219829167644e-07 0.819921055225666
1e+06 0 1 -2 -2 -2
1e+06 0 1 -2 -2 -2
1e+06 0 0.000984436464233367 0.00123699481246148 1.54291788537888e-06 1.49231659412148
1e+06 0 1 -2 -2 -2
1e+06 0 1 -2 -2 -2
1e+06 0 1 -2 -2 -2
1e+06 0 1 -2 -2 -2
1e+06 0 0.000754865504248723 0.000938867627298636 9.8772728512493e-07 1.28751263608558
1e+06 0 0.00106407661698613 0.00176666380112866 3.12163797861408e-06 3.21473303950751
1e+06 0.155339805825243 0.000754082265594858 0.00108972041311967 1.54829272631775e-06 0.595945763066728
1e+06 0 0.000971362158709648 0.00127837674542767 1.63634666225131e-06 1.6246994417674
1e+06 0 1 -2 -2 -2
1e+06 0 1 -2 -2 -2
1e+06 0 0.00102330835350373 0.00152954555847423 2.33982123297381e-06 2.23874909749842
1e+06 0 1 -2 -2 -2
1e+06 0 1 -2 -2 -2
1e+06 0 1 -2 -2 -2
1e+06 0 0.000682485832295747 0.000602426129214898 4.19540815268113e-07 0.643963053052093
1e+06 0 0.000912950554421628 0.000978578281208628 9.72217298390403e-07 1.08745251325439
1e+06 0 1 -2 -2 -2
1e+06 0 0.000796005008674751 0.000710054001480599 5.11222529362822e-07 0.739111801807697
1e+06 0 1 -2 -2 -2
1e+06 0 1 -2 -2 -2
1e+06 0.148148148148148 0.000779639484839395 0.0011972007347591 2.06328100094726e-06 0.525231555440879
1e+06 0 1 -2 -2 -2
1e+06 0 1 -2 -2 -2
1e+06 0 1 -2 -2 -2
1e+06 0 0.00101095917648107 0.00156952604288657 2.46463611447229e-06 2.51801951595211
1e+06 0 0.00107929750799223 0.00163173635970804 2.67171745079728e-06 2.36646026033338
1e+06 0 1 -2 -2 -2
1e+06 0.148148148148148 0.000808541371597307 0.00114271164368751 1.62899643555633e-06 0.697841695170386
1e+06 0 1 -2 -2 -2
1e+06 0 1 -2 -2 -2
1e+06 0 1 -2 -2 -2
1e+06 0 1 -2 -2 -2
1e+06 0 0.00104451142994774 0.00161443833384196 2.60650074424793e-06 2.49756801406376
1e+06 0.359550561797753 0.000824802623628799 0.000531475175770987 3.67577357488701e-07 0.38979002819486
1e+06 0.25 0.000794011956773652 0.000524392412596212 2.80293024740837e-07 0.52074383040114
1e+06 0 1 -2 -2 -2
1e+06 0.141176470588235 0.000628957934820422 0.000875608858900585 9.4522265568043e-07 0.627948588756964
1e+06 0 1 -2 -2 -2
1e+06 0 1 -2 -2 -2
1e+06 0 1 -2 -2 -2
1e+06 0.407407407407407 0.000821624744283023 0.000475608523200391 2.41937752486177e-07 0.469599872752061
1e+06 0 1 -2 -2 -2
1e+06 0 1 -2 -2 -2
1e+06 0 1 -2 -2 -2
1e+06 0 1 -2 -2 -2
1e+06 0 1 -2 -2 -2
1e+06 0 1 -2 -2 -2
1e+06 0 1 -2 -2 -2
1e+06 0 1 -2 -2 -2
1e+06 0 1 -2 -2 -2
1e+06 0 0.00105666118791431 0.00156430902435606 2.4525938561952e-06 2.22264631502148
1e+06 0.140740740740741 0.000827169073395332 0.00126196776465401 2.36445413564289e-06 0.57405049840496
1e+06 0.373626373626374 0.000950008811132206 0.000666811141568973 5.95557392843631e-07 0.556766492769602
1e+06 0 1 -2 -2 -2
1e+06 0 1 -2 -2 -2
1e+06 0 0.000929116792795169 0.00133741517023043 1.80491609369359e-06 1.95838955216697
1e+06 0 1 -2 -2 -2
1e+06 0 0.00098385574415953 0.00106694949810822 1.163106984802e-06 1.16770647544518
1e+06 0 1 -2 -2 -2
1e+06 0 0.000925689931622332 0.00121575494594904 1.47951710739054e-06 1.58994788307045
1e+06 0 1 -2 -2 -2
1e+06 0 0.0010437362290577 0.00175274474552376 3.07508117190643e-06 3.36298906259086
1e+06 0.311111111111111 0.000955038444746965 0.00106520597426879 1.9115544377517e-06 0.467063736858698
1e+06 0.032258064516129 0.000645693062771438 0.000459181932683226 2.61398222504353e-07 0.448297642749701
1e+06 0 1 -2 -2 -2
1e+06 0 0.00109716694950734 0.00185239804305214 3.43137859055942e-06 3.46306679343646
1e+06 0 1 -2 -2 -2
1e+06 0 1 -2 -2 -2
1e+06 0 0.000928797463754432 0.0014404321755939 2.0944063850165e-06 2.47111437541963
1e+06 0 0.00100026269312595 0.00132100794112697 1.75816847099897e-06 1.65542352096335
1e+06 0 1 -2 -2 -2
1e+06 0.78 0.000690517641844232 0.000274754613135113 7.78674310647603e-08 0.253499512656719
1e+06 0 0.00106720083192136 0.00166606796501276 2.77762383784867e-06 2.58593073115014
1e+06 0 1 -2 -2 -2
1e+06 0 1 -2 -2 -2
1e+06 0 1 -2 -2 -2
1e+06 0 0.00103032693768587 0.00166143616198151 2.76331157576486e-06 2.86716803604493
1e+06 0 1 -2 -2 -2
1e+06 0 1 -2 -2 -2
1e+06 0 1 -2 -2 -2
1e+06 0 1 -2 -2 -2
1e+06 0 1 -2 -2 -2
1e+06 0.35 0.000799371445390994 0.000553709726893875 4.04698359740006e-07 0.474545354792517
1e+06 0 1 -2 -2 -2
1e+06 0 1 -2 -2 -2
1e+06 0 1 -2 -2 -2
1e+06 0 1 -2 -2 -2
1e+06 0 1 -2 -2 -2
1e+06 0.242105263157895 0.000789785240045007 0.00071602285574542 6.53013190850496e-07 0.48801491117491
1e+06 0 1 -2 -2 -2
1e+06 0.196581196581197 0.000813814778442429 0.00109365332038664 1.58261110078186e-06 0.577822112452369
1e+06 0 1 -2 -2 -2
1e+06 0 0.000713892363493701 0.000763311927398896 6.62480285602623e-07 0.937729189273175
1e+06 0 1 -2 -2 -2
1e+06 0 1 -2 -2 -2
1e+06 0.613333333333333 0.000711826151244669 0.000322409957774929 1.37144833244053e-07 0.251337608898707
1e+06 0 1 -2 -2 -2
1e+06 0 1 -2 -2 -2
1e+06 0 1 -2 -2 -2
1e+06 0 0.000821846390750375 0.001082847615928 1.21731995769566e-06 1.49700038211262
1e+06 0 0.00110421259547637 0.00180373130547535 3.25554936487753e-06 3.05398112222797
1e+06 0 1 -2 -2 -2
1e+06 0 1 -2 -2 -2
1e+06 0 0.00108854277207562 0.00177106422097316 3.13742202338863e-06 2.99552700506192
1e+06 0 1 -2 -2 -2
1e+06 0 0.00103022100181515 0.00152188988238167 2.31697415044279e-06 2.19029146875461
1e+06 0.692307692307692 0.000764057886170524 0.000251042394574353 1.01270323540113e-07 0.27741478729175
1e+06 0 0.000814263058644065 0.000736369776584383 5.46409299395941e-07 0.789077154299076
1e+06 0 1 -2 -2 -2
1e+06 0 1 -2 -2 -2
1e+06 0 1 -2 -2 -2
1e+06 0 1 -2 -2 -2
1e+06 0 0.00106299707363479 0.00179426804740308 3.22049710760262e-06 3.44386263802721
1e+06 0 1 -2 -2 -2
1e+06 0.21 0.000836306582356684 0.00091907126478769 1.07181491892801e-06 0.618853278917885
1e+06 0 1 -2 -2 -2
1e+06 0.194174757281553 0.00089715337544249 0.000893858882099436 1.0020803503219e-06 0.603944500568225
1e+06 0 0.000985875881452693 0.00136572818399978 1.86573778463834e-06 1.83435748581975
1e+06 0 0.00094284970930467 0.00127532272441149 1.62675420793783e-06 1.70371567101142
1e+06 0 1 -2 -2 -2
1e+06 0 0.00078758646018519 0.000671131405011704 4.53404003666107e-07 0.694009596820878
1e+06 0.521739130434783 0.000865956846513533 0.000418290079634224 2.46599293859806e-07 0.282010429140971
1e+06 0 1 -2 -2 -2
1e+06 0.25 0.000638531654083978 0.000571974971645374 4.15700111230769e-07 0.387938201810988
1e+06 0 1 -2 -2 -2
1e+06 0 1 -2 -2 -2
1e+06 0 1 -2 -2 -2
1e+06 0 0.00106453345055184 0.00119803831399082 1.51889685793243e-06 1.3127412677596
1e+06 0 1 -2 -2 -2
1e+06 0 1 -2 -2 -2
1e+06 0.351648351648352 0.000983710963887922 0.000677154161169177 6.0748248122802e-07 0.566551870343057
1e+06 0 1 -2 -2 -2
1e+06 0.706896551724138 0.00069118241972038 0.00024000926570086 1.26472070534725e-07 0.308388845787952
1e+06 0 0.00106385890490448 0.00147333216029689 2.19126781503341e-06 1.90164000982379
1e+06 0.145833333333333 0.000870885455158073 0.000716422477176363 5.54539639600936e-07 0.751387588099995
1e+06 0 1 -2 -2 -2
1e+06 0 0.000846793205508626 0.00110815785547276 1.26679748994653e-06 1.50460613242812
1e+06 0 1 -2 -2 -2
1e+06 0 1 -2 -2 -2
1e+06 0 0.00076308063113549 0.00107050474869397 1.26040975602826e-06 1.74740172391088
1e+06 0 1 -2 -2 -2
1e+06 0 1 -2 -2 -2
1e+06 0 1 -2 -2 -2
1e+06 0 1 -2 -2 -2
1e+06 0 1 -2 -2 -2
1e+06 0.703703703703704 0.000730028266167537 0.000295968300352371 9.31631501519321e-08 0.291388029641825
1e+06 0 1 -2 -2 -2
1e+06 0 1 -2 -2 -2
1e+06 0 1 -2 -2 -2
1e+06 0 0.000937725212641967 0.00115958250159429 1.34592389671156e-06 1.4113469982069
1e+06 0.0652173913043478 0.000796932595014398 0.000542167910901319 2.94498249497276e-07 0.52377233810393
1e+06 0 0.000994007885986294 0.00095754590886725 9.51922934219408e-07 0.99178911059145
1e+06 0 1 -2 -2 -2
1e+06 0 1 -2 -2 -2
1e+06 0 1 -2 -2 -2
1e+06 0 0.00106864973084847 0.00179183353432235 3.21133651194619e-06 3.34765369947617
1e+06 0 1 -2 -2 -2
1e+06 0 0.000686603967242779 0.000757377022746883 6.51183133630059e-07 0.988929178728117
1e+06 0 1 -2 -2 -2
1e+06 0 1 -2 -2 -2
1e+06 0 1 -2 -2 -2
1e+06 0 1 -2 -2 -2
1e+06 0 1 -2 -2 -2
1e+06 0.296296296296296 0.000846349170935386 0.0010104346004177 1.66494712871374e-06 0.333319297757777
1e+06 0.5 0.000542297303385634 0.000342540217402749 2.11540031628701e-07 0.320340048387035
1e+06 0 1 -2 -2 -2
1e+06 0 1 -2 -2 -2
1e+06 0 1 -2 -2 -2
1e+06 0 1 -2 -2 -2
1e+06 0 1 -2 -2 -2
1e+06 0 1 -2 -2 -2
1e+06 0 0.000692358048166338 0.000707454495916323 5.55646284929894e-07 0.848377873450147
1e+06 0 0.000765245346693217 0.000671472327300532 4.58437683371572e-07 0.707253233528601
1e+06 0 0.000840386431251572 0.00107334119110812 1.17769870773169e-06 1.43928183757063
1e+06 0 1 -2 -2 -2
1e+06 0 1 -2 -2 -2
1e+06 0 0.000734751974987882 0.000655540580971172 4.56617034729197e-07 0.697466228374346
1e+06 0 0.00093101432889463 0.00108685691034888 1.19306306967671e-06 1.26731716430312
1e+06 0 1 -2 -2 -2
1e+06 0 1 -2 -2 -2
1e+06 0 1 -2 -2 -2
1e+06 0 0.000729594654610727 0.000731554675227813 5.71776816445131e-07 0.837312115853953
1e+06 0 1 -2 -2 -2
1e+06 0 1 -2 -2 -2
1e+06 0 0.000755723211806773 0.0006306208974206 4.08353131389918e-07 0.648580220854727
1e+06 0 1 -2 -2 -2
1e+06 0 0.000830508071764969 0.000750005422037678 5.63419984061742e-07 0.790080105286942
1e+06 0 1 -2 -2 -2
1e+06 0.666666666666667 0.000552663013234831 0.000266449705411418 1.39320807932211e-07 0.220506174022244
1e+06 0.209302325581395 0.000688778530099601 0.0012604641913066 2.38427774458914e-06 0.482987629465092
1e+06 0 0.000959640033830021 0.00135776857538271 1.84452386903949e-06 1.90297321260762
1e+06 0 0.000977290936921773 0.00124963799105283 1.56885993161702e-06 1.53708508301404
1e+06 0.168674698795181 0.000491616987729418 0.000655663877373281 5.61450316648676e-07 0.334542878257293
1e+06 0 0.000969086959611369 0.00139301010408552 1.94317593393656e-06 1.98431009015996
1e+06 0 1 -2 -2 -2
1e+06 0 1 -2 -2 -2
1e+06 0 1 -2 -2 -2
1e+06 0.25 0.000921380482334884 0.000753732288034781 7.54772595023333e-07 0.634751683865273
1e+06 0.478260869565217 0.000722958645705394 0.000442873948012293 2.06170012437052e-07 0.457931248597371
1e+06 0 1 -2 -2 -2
1e+06 0 1 -2 -2 -2
1e+06 0 1 -2 -2 -2
1e+06 0 1 -2 -2 -2
1e+06 0.268041237113402 0.000732045222356885 0.000640536549460554 5.47728043601588e-07 0.368767238385662
1e+06 0.106382978723404 0.000805211436450308 0.00056375880292676 3.21367818890182e-07 0.557216240682272
1e+06 0 1 -2 -2 -2
1e+06 0 1 -2 -2 -2
1e+06 0 1 -2 -2 -2
1e+06 0 1 -2 -2 -2
1e+06 0.302083333333333 0.000950560172786004 0.000744545501335882 7.25433399883859e-07 0.582814701160021
1e+06 0 0.0010099335673392 0.00139884840016014 1.95990544692643e-06 1.85913761994743
1e+06 0 0.000968059242143002 0.00136235582014222 1.85751930591757e-06 1.90688813380257
1e+06 0 1 -2 -2 -2
1e+06 0 1 -2 -2 -2
1e+06 0 0.00085849432685721 0.000991948561058852 9.87980950987196e-07 1.17913300461672
1e+06 0 0.000858024192382395 0.00124126710604135 1.57521176033565e-06 1.95720196387944
1e+06 0 1 -2 -2 -2
1e+06 0 1 -2 -2 -2
1e+06 0 1 -2 -2 -2
1e+06 0.229508196721311 0.000834699405396297 0.00106463567504058 1.61782786957852e-06 0.510218466812993
1e+06 0 1 -2 -2 -2
1e+06 0 0.000716000910448819 0.000527618158041383 2.91373195052746e-07 0.524621924638982
1e+06 0 1 -2 -2 -2
1e+06 0 1 -2 -2 -2
1e+06 0.237037037037037 0.000644691895056283 0.00138555738671647 3.1222346680976e-06 0.465383895291114
1e+06 0 1 -2 -2 -2
1e+06 0 1 -2 -2 -2
1e+06 0 0.000632562468228579 0.0006087419087466 4.52275485968158e-07 0.732803153184786
1e+06 0 1 -2 -2 -2
1e+06 0.166666666666667 0.000620907158615476 0.000952475728767801 1.17855894635336e-06 0.530086191593232
1e+06 0 1 -2 -2 -2
1e+06 0 1 -2 -2 -2
1e+06 0.655737704918033 0.000767902427518101 0.000382221260162862 3.4131280842271e-07 0.490077269293761
1e+06 0 1 -2 -2 -2
1e+06 0 0.0010982416306069 0.00186942022572808 3.49474143207363e-06 3.59010914248996
1e+06 0 0.00100161046979812 0.00107181360577508 1.20245097011055e-06 1.16560975353625
1e+06 0 0.000795734862512642 0.000968823593249842 9.73039540365217e-07 1.26356596854337
1e+06 0 1 -2 -2 -2
1e+06 0 0.000942027464479564 0.00131148309342539 1.72397926750547e-06 1.82826075998207
1e+06 0.520833333333333 0.000725144042374835 0.000475094655688828 2.77305336556253e-07 0.530940149042206
1e+06 0 1 -2 -2 -2
1e+06 0.580645161290323 0.000577980389543547 0.000324319195165733 1.73313455803787e-07 0.287086825553759
1e+06 0 0.00105129748363969 0.0017241543235857 2.97342371328344e-06 3.05677011939467
1e+06 0 1 -2 -2 -2
1e+06 0 1 -2 -2 -2
1e+06 0.413793103448276 0.000616412823272891 0.000433225353565385 2.66967631780509e-07 0.415037809077116
1e+06 0 1 -2 -2 -2
1e+06 0 1 -2 -2 -2
1e+06 0 0.000902929886176927 0.00125138014126474 1.57945013732855e-06 1.76385157693959
1e+06 0.246376811594203 0.000508090029686319 0.000416501688600156 2.07980838736763e-07 0.286241620186591
1e+06 0 0.000908740245884018 0.00106972805013179 1.14721680871082e-06 1.27347274542521
1e+06 0.34375 0.000438025923140629 0.000322364117484018 1.46544440226061e-07 0.342992124517602
1e+06 0 0.000886668922086661 0.00133361705621074 1.82488443413327e-06 2.21344389656219
1e+06 0 0.0010214067272452 0.00161076639157395 2.59531961037642e-06 2.64923540027173
1e+06 0 1 -2 -2 -2
1e+06 0 1 -2 -2 -2
1e+06 0 0.000859510242851284 0.00123278443217814 1.55793948235847e-06 1.90135217867235
1e+06 0 1 -2 -2 -2
1e+06 0.291139240506329 0.000712692141590154 0.000523947784547249 3.50833035507889e-07 0.407630320849197
1e+06 0 1 -2 -2 -2
1e+06 0 1 -2 -2 -2
1e+06 0 1 -2 -2 -2
1e+06 0 0.000974435149106281 0.00127163039228033 1.61765535599508e-06 1.60843851878475
1e+06 0 0.00101613682742162 0.00166257403100621 2.7705097219939e-06 3.01889856203128
1e+06 0 1 -2 -2 -2
1e+06 0 1 -2 -2 -2
1e+06 0 1 -2 -2 -2
1e+06 0 0.00100652698473081 0.00148950156753321 2.21872499623861e-06 2.1756447004618
1e+06 0 0.000853839398779649 0.00106451550055486 1.1432475270084e-06 1.37205837989937
1e+06 0 1 -2 -2 -2
1e+06 0 1 -2 -2 -2
1e+06 0.506172839506173 0.00069747534861838 0.000355107069077781 1.75362851114524e-07 0.220388262977469
1e+06 0.526315789473684 0.00080757904459157 0.000455647833457345 2.78355196189099e-07 0.49765491282834
1e+06 0 1 -2 -2 -2
1e+06 0 1 -2 -2 -2
1e+06 0 1 -2 -2 -2
1e+06 0 1 -2 -2 -2
1e+06 0 1 -2 -2 -2
1e+06 0.643835616438356 0.000829508981180126 0.000374681200443963 1.97858837054079e-07 0.36554533581446
1e+06 0 0.000936973619818793 0.00122612414829666 1.50436662079267e-06 1.58184233911487
1e+06 0 1 -2 -2 -2
1e+06 0.474074074074074 0.000718127094351996 0.00107885562520018 2.28550423676937e-06 0.317767743277452
1e+06 0 1 -2 -2 -2
1e+06 0.488888888888889 0.000704855157863027 0.00037340618135345 1.45875459223164e-07 0.341428416336736
1e+06 0 0.000980941772717349 0.00154027081897078 2.38369436823898e-06 2.58191951821575
1e+06 0 1 -2 -2 -2
1e+06 0 1 -2 -2 -2
1e+06 0 0.00086143046661506 0.000650707717294317 4.25217453714233e-07 0.622921560971741
1e+06 0 1 -2 -2 -2
1e+06 0 1 -2 -2 -2
1e+06 0 1 -2 -2 -2
1e+06 0.524590163934426 0.000896887166042022 0.000574433568804077 6.30234272703377e-07 0.695583116392429
1e+06 0 0.000802093583421179 0.000899801006031152 8.25782900221355e-07 1.07830058592568
1e+06 0 1 -2 -2 -2
1e+06 0 1 -2 -2 -2
1e+06 0 1 -2 -2 -2
1e+06 0 1 -2 -2 -2
1e+06 0 0.000805539968256112 0.000965803500937582 9.55909976232486e-07 1.22693246748561
1e+06 0 1 -2 -2 -2
1e+06 0 1 -2 -2 -2
1e+06 0 1 -2 -2 -2
1e+06 0 1 -2 -2 -2
1e+06 0 0.000815387031917677 0.000765845850134119 5.87904765153102e-07 0.820877878769555
1e+06 0 1 -2 -2 -2
1e+06 0 1 -2 -2 -2
1e+06 0 1 -2 -2 -2
1e+06 0 1 -2 -2 -2
1e+06 0 1 -2 -2 -2
1e+06 0 1 -2 -2 -2
1e+06 0 1 -2 -2 -2
1e+06 0 1 -2 -2 -2
1e+06 0 1 -2 -2 -2
1e+06 0.183333333333333 0.00063029313030784 0.00110158546118873 1.70367767212932e-06 0.452994242918534
1e+06 0 1 -2 -2 -2
1e+06 0.202020202020202 0.000723741674673774 0.000866270775154327 9.63486242929683e-07 0.512029028329625
1e+06 0.4 0.000441531774075173 0.000269720391908302 1.05369426517968e-07 0.274861249350681
1e+06 0 0.00107392759203932 0.00172129549598545 2.96341563613974e-06 2.84139935580633
1e+06 0.4375 0.000853725571516919 0.000594297733144201 5.95310664240349e-07 0.236388556573731
1e+06 0.292682926829268 0.000978946974646494 0.000776162836951115 8.60249648982046e-07 0.729018745199877
1e+06 0 1 -2 -2 -2
1e+06 0 0.000886921077546679 0.00113495521666544 1.29969467433765e-06 1.48661062118373
1e+06 0 0.000811563241975778 0.000693278053125257 4.82870419729703e-07 0.721218920603727
1e+06 0 1 -2 -2 -2
1e+06 0 0.000873073946984687 0.000984056523063574 9.69736322868472e-07 1.14568588374797
1e+06 0.464788732394366 0.000717562758314792 0.000430435269902245 2.58707528245788e-07 0.406513953540368
1e+06 0.247311827956989 0.000674947837299996 0.000625286963917121 5.1247755450027e-07 0.364041900338679
1e+06 0.385964912280702 0.000877703407900437 0.0005602206818322 3.80381033765145e-07 0.581137381536258
1e+06 0.2 0.00071542591434955 0.000678340908654511 5.87811164595527e-07 0.514962374458576
1e+06 0 1 -2 -2 -2
1e+06 0 1 -2 -2 -2
1e+06 0.288888888888889 0.000931709041151278 0.000708927729417553 6.60279705605858e-07 0.582664463890934
1e+06 0 1 -2 -2 -2
1e+06 0 1 -2 -2 -2
1e+06 0 0.000839647641679385 0.000848478367351376 7.35765716326688e-07 0.927629351539829
1e+06 0.214814814814815 0.000990502427102558 0.00123969178839471 2.08145594370019e-06 0.645723731126927
1e+06 0 0.000967691128566788 0.00145110922091222 2.11352172399464e-06 2.22297659794619
1e+06 0.626865671641791 0.000788309771583994 0.000393115979319863 2.48729587680545e-07 0.428041028928961
1e+06 0.509090909090909 0.000843904523967473 0.000564445664813644 4.78542524969349e-07 0.653629285560036
1e+06 0 1 -2 -2 -2
1e+06 0 0.000957976630897101 0.00117240260367686 1.38052892951086e-06 1.40398553788688
1e+06 0 1 -2 -2 -2
1e+06 1 0.000567917519567795 8.53550619076823e-05 1.06917592393565e-08 0.0674144526355706
1e+06 0.953488372093023 0.000509737704738766 0.000174379452909793 5.08865384378968e-08 0.148552088956334
1e+06 0 0.00065429574667575 0.000681891316933815 5.51940152137597e-07 0.86122598058846
1e+06 0 1 -2 -2 -2
1e+06 0.122448979591837 0.000987798836782058 0.000943160796637139 9.9834621219613e-07 1.00149694377691
1e+06 0 1 -2 -2 -2
1e+06 0.483870967741935 0.000494845881320296 0.000263874525347217 1.24081415040362e-07 0.250408991659851
1e+06 0 0.000836479361203572 0.00101457236420274 1.04471941558537e-06 1.27918306571234
1e+06 0.638888888888889 0.000788619794869009 0.000472059978302717 3.5607330802532e-07 0.48526238565829
1e+06 0.161616161616162 0.000658287782025214 0.000966631885729091 1.19485957357373e-06 0.550113725351791
1e+06 0 1 -2 -2 -2
1e+06 0.149606299212598 0.000762445560197094 0.00144312438176579 2.77932119520806e-06 0.685969388523886
1e+06 0 1 -2 -2 -2
1e+06 0.230769230769231 0.00096943557592238 0.00085903787843315 8.99806548975573e-07 0.931131116419059
1e+06 0 1 -2 -2 -2
1e+06 0 1 -2 -2 -2
1e+06 0 0.000994053471747042 0.00145759638839765 2.12484623406135e-06 2.09130237686344
1e+06 0 1 -2 -2 -2
1e+06 0 1 -2 -2 -2
1e+06 0 1 -2 -2 -2
1e+06 0.285714285714286 0.000928403526155469 0.000670923798480287 5.21613131069449e-07 0.683543075314044
1e+06 0 1 -2 -2 -2
1e+06 0.609195402298851 0.000723038214933063 0.000347123366530467 1.84835643216863e-07 0.173245230987329
1e+06 0 0.000928723041575125 0.0013901145811174 1.95952323829925e-06 2.20114807956681
1e+06 0 1 -2 -2 -2
1e+06 0 1 -2 -2 -2
1e+06 0 1 -2 -2 -2
1e+06 0 0.0010819233189312 0.00175729415429749 3.08837893958927e-06 2.97044115666909
1e+06 0 0.000792218143410797 0.000702896403417489 4.99236397369599e-07 0.75396992741965
1e+06 0 1 -2 -2 -2
1e+06 0 0.000884033445076728 0.000887081619452028 7.88676920857926e-07 0.953656247932447
1e+06 0 1 -2 -2 -2
1e+06 0 1 -2 -2 -2
1e+06 0 1 -2 -2 -2
1e+06 0 1 -2 -2 -2
1e+06 0 0.000705019935809569 0.00070541995333168 5.59731757479953e-07 0.812637980262451
1e+06 0 1 -2 -2 -2
1e+06 0 1 -2 -2 -2
1e+06 0 0.000922153791297135 0.00133085729085535 1.7854794586254e-06 1.98647604710818
1e+06 0 1 -2 -2 -2
1e+06 0.423076923076923 0.000508392249000472 0.000340849273558176 1.99935908725022e-07 0.343912008868543
1e+06 0 0.000704192822101957 0.000589335428978666 3.78548924706318e-07 0.611265972667864
1e+06 0 1 -2 -2 -2
1e+06 0 1 -2 -2 -2
1e+06 0 1 -2 -2 -2
1e+06 0.20253164556962 0.000713136967524011 0.000673597707821677 5.87471729995126e-07 0.556832317920165
1e+06 0 1 -2 -2 -2
1e+06 0 1 -2 -2 -2
1e+06 0 1 -2 -2 -2
1e+06 0 1 -2 -2 -2
1e+06 0 0.000791868098134366 0.000804186574416374 6.49738173875137e-07 0.90923309870547
1e+06 0 1 -2 -2 -2
1e+06 0 1 -2 -2 -2
1e+06 0.207407407407407 0.000849671838062342 0.00105924985170947 1.56463741875594e-06 0.437669073214959
1e+06 0 0.000900423419276813 0.00109204503968896 1.19389168668805e-06 1.3269432927916
1e+06 0 1 -2 -2 -2
1e+06 0.380952380952381 0.000856157674576774 0.000562087478230379 4.1613010782118e-07 0.474462995609056
1e+06 0 0.00101078792526542 0.00157221960501976 2.4743407025984e-06 2.5191571864128
1e+06 0 1 -2 -2 -2
1e+06 0 1 -2 -2 -2
1e+06 0.807017543859649 0.000654164689304877 0.000129398272033388 3.35525431200243e-08 0.159583240075782
1e+06 0 1 -2 -2 -2
1e+06 0 1 -2 -2 -2
1e+06 0 1 -2 -2 -2
1e+06 0 1 -2 -2 -2
1e+06 0 1 -2 -2 -2
1e+06 0 1 -2 -2 -2
1e+06 0 1 -2 -2 -2
1e+06 0 1 -2 -2 -2
1e+06 0.466666666666667 0.000486501368861676 0.000267813078291932 9.00510827221398e-08 0.19483975899232
1e+06 0.152777777777778 0.000536329371257594 0.00069299976906453 5.83864940706293e-07 0.534366835556063
1e+06 0 1 -2 -2 -2
1e+06 0 1 -2 -2 -2
1e+06 0 0.000792274224521609 0.000634523514738533 4.15235230749182e-07 0.668074829172031
1e+06 0.208791208791209 0.000782135117487261 0.000797323840218695 8.06892420268033e-07 0.586646395948183
1e+06 0.273809523809524 0.0008490920912927 0.000697830424537096 6.38722560023487e-07 0.585479979338526
1e+06 0 0.0007384404596202 0.000581981361514922 3.44178117993352e-07 0.607644985066958
1e+06 0 1 -2 -2 -2
1e+06 0 0.000918992456434056 0.00137048971194412 1.90432655448343e-06 2.17026871781759
1e+06 0 0.000997274203503084 0.00159199725494486 2.53964591530148e-06 2.74417355328801
1e+06 0 1 -2 -2 -2
1e+06 0 1 -2 -2 -2
1e+06 0 1 -2 -2 -2
1e+06 0 0.000918311131062804 0.00106723491075398 1.1394413476739e-06 1.24865829704894
1e+06 0.416 0.000878918582579945 0.00080589895089045 1.17564809686484e-06 0.304751769015519
1e+06 0 1 -2 -2 -2
1e+06 0 1 -2 -2 -2
1e+06 0 1 -2 -2 -2
1e+06 0 0.00100069788170626 0.00156437141628132 2.44995466080291e-06 2.56788854643707
1e+06 0 1 -2 -2 -2
1e+06 0 1 -2 -2 -2
1e+06 0 0.000713985795435328 0.000695994929022584 5.31709237850858e-07 0.785205856646374
1e+06 0.333333333333333 0.000639627045328796 0.000443826367050821 2.74704355026409e-07 0.417016621875477
1e+06 0 1 -2 -2 -2
1e+06 0 1 -2 -2 -2
1e+06 0 1 -2 -2 -2
1e+06 0 1 -2 -2 -2
1e+06 0.918367346938776 0.00061450327130522 0.000150685180549341 3.0025282481083e-08 0.139844638183904
1e+06 0.148148148148148 0.000728165567836687 0.00106866086543982 1.54001461408891e-06 0.424743094425174
1e+06 0 1 -2 -2 -2
1e+06 0.529411764705882 0.000890844984506221 0.000543457858886875 4.71525860052214e-07 0.589196342193224
1e+06 0 1 -2 -2 -2
1e+06 0 1 -2 -2 -2
1e+06 0 1 -2 -2 -2
1e+06 0 1 -2 -2 -2
1e+06 0.632911392405063 0.000757214793066589 0.000341024138603018 1.59094895873892e-07 0.276021981486715
1e+06 0.179775280898876 0.000664540254852339 0.000786899219016475 7.98363246777252e-07 0.488037621712454
1e+06 0 1 -2 -2 -2
1e+06 0.804878048780488 0.000605961977237164 0.000229573060178687 9.11769122351275e-08 0.172913172272986
1e+06 0 1 -2 -2 -2
1e+06 0 0.000847592037947472 0.00100972867806838 1.03079264424527e-06 1.23961918580112
1e+06 0 1 -2 -2 -2
1e+06 0 1 -2 -2 -2
1e+06 0 1 -2 -2 -2
1e+06 0.73972602739726 0.000741776458285477 0.000315922246991044 1.37571677668855e-07 0.286354884669832
1e+06 0 1 -2 -2 -2
1e+06 0 1 -2 -2 -2
1e+06 0 1 -2 -2 -2
1e+06 0 1 -2 -2 -2
1e+06 0 1 -2 -2 -2
1e+06 0 1 -2 -2 -2
1e+06 0 1 -2 -2 -2
1e+06 0 1 -2 -2 -2
1e+06 0 1 -2 -2 -2
1e+06 0.130081300813008 0.000723906351726686 0.00147185122963765 2.79513851834456e-06 0.74499365076294
1e+06 0 1 -2 -2 -2
1e+06 0 1 -2 -2 -2
1e+06 0 0.000827868739009031 0.000803467805001336 6.51316871569822e-07 0.881954880510403
1e+06 0 1 -2 -2 -2
1e+06 0 0.00104479467311121 0.00174136247293608 3.0348463154508e-06 3.25126897079986
1e+06 0 1 -2 -2 -2
1e+06 0 0.000957636423511615 0.00122597696640579 1.50367231767234e-06 1.52923498627618
1e+06 0 0.000726964642412194 0.000569053862940772 3.51111218009162e-07 0.565503157045494
1e+06 0.745098039215686 0.000500457678838061 0.000161127362620487 3.35505660511259e-08 0.133811410927907
1e+06 0 1 -2 -2 -2
1e+06 0 0.000969664123477733 0.00136231874163047 1.85602208670852e-06 1.88523114003547
1e+06 0 0.00110496390996705 0.00183811348895778 3.3794510405862e-06 3.26646900885197
1e+06 0.26 0.000943779526583774 0.000787342434971283 7.95036467549128e-07 0.580240024343609
1e+06 0 0.00102814326075684 0.00113876035409439 1.35404973721782e-06 1.24763248763553
1e+06 0 1 -2 -2 -2
1e+06 0 1 -2 -2 -2
1e+06 0.233870967741935 0.000747503684911166 0.00114495152543886 1.98921537568096e-06 0.476195261680251
1e+06 0 0.000942787729107303 0.00110322749354534 1.2359879522168e-06 1.28152578833583
1e+06 0 1 -2 -2 -2
1e+06 0.0425531914893617 0.00105917944718644 0.00110479373237899 1.34652762800046e-06 1.17885562832846
1e+06 0 1 -2 -2 -2
1e+06 0 0.000828494428492454 0.00107568607412844 1.21523557107045e-06 1.47745383692625
1e+06 0 1 -2 -2 -2
1e+06 0 1 -2 -2 -2
1e+06 0.230769230769231 0.000898402988549154 0.00067118601314581 4.86954390275128e-07 0.67777431707539
1e+06 0.0476190476190476 0.000658098667435228 0.000617733221221293 4.78414650971426e-07 0.707247941416689
1e+06 0 1 -2 -2 -2
1e+06 0 1 -2 -2 -2
1e+06 0 1 -2 -2 -2
1e+06 0 1 -2 -2 -2
1e+06 0 1 -2 -2 -2
1e+06 0 1 -2 -2 -2
1e+06 0.181818181818182 0.000958931343121577 0.00133038062992414 2.44425929385959e-06 0.649280550469098
1e+06 0 1 -2 -2 -2
1e+06 0 0.00078022444673733 0.000624165739028405 3.93274242476311e-07 0.627321138681946
1e+06 0 1 -2 -2 -2
1e+06 0 1 -2 -2 -2
1e+06 0 0.000833776275007993 0.00101280928036324 1.03786598427504e-06 1.28175159842427
1e+06 0 0.0010025858016938 0.0015102936352141 2.28245201718818e-06 2.27865164463988
1e+06 0 1 -2 -2 -2
1e+06 0.310344827586207 0.000978974459679113 0.000782109558414233 8.03049571580624e-07 0.834626363928532
1e+06 0 1 -2 -2 -2
1e+06 0 1 -2 -2 -2
1e+06 0 1 -2 -2 -2
1e+06 0 0.000861724440598517 0.00110055482903785 1.22017982062612e-06 1.44578032989235
1e+06 0 0.00111015242022379 0.00186468606750889 3.47766761613325e-06 3.39856012419352
1e+06 0 1 -2 -2 -2
1e+06 0 1 -2 -2 -2
1e+06 0 0.00106191087807867 0.0016769956917003 2.81247790254471e-06 2.70084354020455
1e+06 0 1 -2 -2 -2
1e+06 0 1 -2 -2 -2
1e+06 0 1 -2 -2 -2
1e+06 0.2 0.000760327986942528 0.0011336863103579 1.93809875571586e-06 0.415266295486312
1e+06 0.5625 0.0005816148814353 0.000316141168196801 1.80851893383622e-07 0.265096746902176
1e+06 0 1 -2 -2 -2
1e+06 0 1 -2 -2 -2
1e+06 0 1 -2 -2 -2
1e+06 0.277777777777778 0.000847733478179418 0.000433732814137643 1.95517792311371e-07 0.370481889116739
1e+06 0 1 -2 -2 -2
1e+06 0 1 -2 -2 -2
1e+06 0 1 -2 -2 -2
1e+06 0.0222222222222222 0.000873788507193065 0.000730624096864654 5.45306838295633e-07 0.747500999179038
1e+06 0 1 -2 -2 -2
1e+06 0 1 -2 -2 -2
1e+06 0 0.000764089797163511 0.000679297745305753 4.73439419449553e-07 0.715418053544644
1e+06 0.481481481481481 0.000567715412952294 0.000369893330060141 2.4382960364708e-07 0.344636010986049
1e+06 0.156521739130435 0.000739758293431941 0.00112936823186962 1.67641863491258e-06 0.586308094195651
1e+06 0.163793103448276 0.000729677501957271 0.00121019694743667 1.97195621958833e-06 0.588179085903035
1e+06 0 1 -2 -2 -2
1e+06 0 0.000907774656165645 0.00083856064746937 7.18010304764758e-07 0.842233634633354
1e+06 0.695652173913043 0.000697573731693253 0.000339930661538627 1.20004261851255e-07 0.310836438919644
1e+06 0 1 -2 -2 -2
1e+06 0.526315789473684 0.000806337460071984 0.000471766356603564 3.09870420058711e-07 0.523132044332371
1e+06 0.391304347826087 0.000574528127549268 0.000438191918494927 3.02496284815335e-07 0.454045427962385
1e+06 0 1 -2 -2 -2
1e+06 0.302083333333333 0.000917894117938204 0.000678033975376106 5.95178383149656e-07 0.510280131872575
1e+06 0 1 -2 -2 -2
1e+06 0 0.00069692562313235 0.00086432383900921 8.64296871625856e-07 1.25700394201094
1e+06 0 1 -2 -2 -2
1e+06 0 1 -2 -2 -2
1e+06 0 1 -2 -2 -2
1e+06 0 1 -2 -2 -2
1e+06 0 1 -2 -2 -2
1e+06 0 0.000772808229852873 0.000723115969323134 5.67914615696024e-07 0.766827771387067
1e+06 0 1 -2 -2 -2
1e+06 0 1 -2 -2 -2
1e+06 0 0.0010511939218176 0.00162942471713456 2.65533839766281e-06 2.523085957676
1e+06 0 0.000864333077097257 0.00110105383574233 1.22315150197002e-06 1.44316062179601
1e+06 0 0.00103375386741143 0.0013666181801104 1.87288150760618e-06 1.71689844679667
1e+06 0.714285714285714 0.000712219393082612 0.000334162927757071 1.13450639380761e-07 0.313025953828446
1e+06 0 1 -2 -2 -2
1e+06 0 1 -2 -2 -2
1e+06 0 1 -2 -2 -2
1e+06 0 1 -2 -2 -2
1e+06 0 1 -2 -2 -2
1e+06 0 1 -2 -2 -2
1e+06 0 0.000931716757181096 0.000980988264809696 9.641616946892e-07 1.06954765491513
1e+06 0 0.000774573404599938 0.000829355186315245 7.12406971478335e-07 0.967737939101949
1e+06 0.2 0.000781640371410642 0.00124505892189766 2.54842156836923e-06 0.490828775798506
1e+06 0 1 -2 -2 -2
1e+06 0 0.0010534328450878 0.00177378748060971 3.14762200007859e-06 3.40437843409515
1e+06 0 0.0010614598644581 0.00137612718856678 1.92977971996697e-06 1.6608459663407
1e+06 0 0.000779789028117246 0.00097447888338124 1.00942607373004e-06 1.30410959362122
1e+06 0 1 -2 -2 -2
1e+06 0 1 -2 -2 -2
1e+06 0.566037735849057 0.000757142629411801 0.000366383118188272 1.42851887259667e-07 0.364445071851662
1e+06 0 1 -2 -2 -2
1e+06 0 0.000836652069125319 0.00109015174088468 1.21284577602679e-06 1.49104239932433
1e+06 0 1 -2 -2 -2
1e+06 0 1 -2 -2 -2
1e+06 0 1 -2 -2 -2
1e+06 0.534883720930233 0.000678858022961895 0.000355101929632994 1.38285942304418e-07 0.321864997440957
1e+06 0.240384615384615 0.000796999738653753 0.000716414576994492 6.76018594134096e-07 0.434802462039753
1e+06 0.423076923076923 0.00105305839098997 0.000601420370049591 4.53497469524235e-07 0.534536881217597
1e+06 0 0.000768542815919367 0.000914243507230242 8.72835516600958e-07 1.18787676837252
1e+06 0.451612903225806 0.000701100273763479 0.00100861062747837 1.96924365189483e-06 0.315218988925685
1e+06 0.177777777777778 0.000725990581602006 0.000413056106386344 1.74835051400302e-07 0.383708219169669
1e+06 0 1 -2 -2 -2
1e+06 0 0.00109994390838436 0.00187300985250131 3.50816593047868e-06 3.59683084481893
1e+06 0 0.000818554771777844 0.00071373893148772 5.18125668975205e-07 0.753766766194573
1e+06 0 1 -2 -2 -2
1e+06 0 1 -2 -2 -2
1e+06 0 1 -2 -2 -2
1e+06 0 1 -2 -2 -2
1e+06 0 1 -2 -2 -2
1e+06 0 0.00108308070657331 0.00183723917285717 3.37552697148439e-06 3.52767305782628
1e+06 0 1 -2 -2 -2
1e+06 0 1 -2 -2 -2
1e+06 0 1 -2 -2 -2
1e+06 0.259259259259259 0.000916414213268143 0.000673119344037187 5.00110484415041e-07 0.6771943444533
1e+06 0 0.000736323213955384 0.000812159201524341 7.15252075562499e-07 0.999175060876968
1e+06 0 1 -2 -2 -2
1e+06 0 1 -2 -2 -2
1e+06 0.350877192982456 0.000452711638451293 0.000288626477016821 1.02639822754533e-07 0.237740773310871
1e+06 0 1 -2 -2 -2
1e+06 0 1 -2 -2 -2
1e+06 0 0.00111218146915279 0.0018374174766738 3.37827597386494e-06 3.18770255955062
1e+06 0 1 -2 -2 -2
1e+06 0 1 -2 -2 -2
1e+06 0 1 -2 -2 -2
1e+06 0 1 -2 -2 -2
1e+06 0.909090909090909 0.000614905191027297 0.000212690468525375 7.02273679270888e-08 0.165728799088852
1e+06 0 1 -2 -2 -2
1e+06 0 1 -2 -2 -2
1e+06 0 0.00083770240909264 0.00111283431748628 1.26872266536939e-06 1.54983409444537
1e+06 0.288461538461538 0.000902183871426139 0.000737758089100167 6.6401011600405e-07 0.802263748834778
1e+06 0 1 -2 -2 -2
1e+06 0 0.000696260117201728 0.000518800761495865 2.99479176729395e-07 0.510429627713454
1e+06 0 1 -2 -2 -2
1e+06 0 0.000828691379019489 0.000878507472001039 7.78406837364351e-07 0.99402556517078
1e+06 0 1 -2 -2 -2
1e+06 0 1 -2 -2 -2
1e+06 0 0.000927090331880019 0.000936481451167496 9.12002484434444e-07 1.01488838252342
1e+06 0 0.000769119700384143 0.000784040664129972 6.65045743403135e-07 0.886983601390835
1e+06 0 1 -2 -2 -2
1e+06 0 1 -2 -2 -2
1e+06 0 1 -2 -2 -2
1e+06 0.75609756097561 0.000619468461669012 0.000253152235953948 1.0787807550415e-07 0.190255716959734
1e+06 0 1 -2 -2 -2
1e+06 0 1 -2 -2 -2
1e+06 0 1 -2 -2 -2
1e+06 0 1 -2 -2 -2
1e+06 0 0.000969823591653545 0.00122736074132903 1.51034282262406e-06 1.50236319484393
1e+06 0 0.000699571669416454 0.000819994596026429 7.84860514899299e-07 1.11193758844146
1e+06 0 1 -2 -2 -2
1e+06 0 1 -2 -2 -2
1e+06 0 0.000952502385774462 0.000943471261522812 9.18257257565373e-07 1.00288343878822
1e+06 0 1 -2 -2 -2
1e+06 0 0.000970811438634887 0.00153462381356091 2.36265115306534e-06 2.64249775921608
1e+06 0 1 -2 -2 -2
1e+06 0 1 -2 -2 -2
1e+06 0 0.000876007660327649 0.00104903367677777 1.10175925434398e-06 1.27706347642527
1e+06 0.214814814814815 0.000993015404861189 0.00135833316948659 2.66648228203872e-06 0.678666622816918
1e+06 0 1 -2 -2 -2
1e+06 0 0.000769721090696203 0.000865714694599465 7.92842920922384e-07 1.05999554412071
1e+06 0.3125 0.00109531661524715 0.000776152521127373 7.71432314316516e-07 0.625975571809048
1e+06 0.234782608695652 0.000701797334679983 0.000951746769108883 1.38137814114411e-06 0.377345975734931
1e+06 0 1 -2 -2 -2
1e+06 0 0.000992582500710143 0.00124644669254516 1.56539208936812e-06 1.5014465440151
1e+06 0.5 0.00083948743375677 0.000563743640833673 4.78262006707028e-07 0.657581487660492
1e+06 0 1 -2 -2 -2
1e+06 0 1 -2 -2 -2
1e+06 0 1 -2 -2 -2
1e+06 0 1 -2 -2 -2
1e+06 0 1 -2 -2 -2
1e+06 0 0.000846263839593559 0.00118008504313886 1.43909071866255e-06 1.77390302921928
1e+06 0 1 -2 -2 -2
1e+06 0.333333333333333 0.000860366604719359 0.000449393655052415 2.09521546379379e-07 0.403585999692767
1e+06 0 1 -2 -2 -2
1e+06 0 1 -2 -2 -2
1e+06 0 0.000677905962085725 0.000663414831341442 5.16250709673354e-07 0.764439648823392
1e+06 0 1 -2 -2 -2
1e+06 0 1 -2 -2 -2
1e+06 0 1 -2 -2 -2
1e+06 0 1 -2 -2 -2
1e+06 0 1 -2 -2 -2
1e+06 0.112244897959184 0.000577293667402423 0.00103037920984055 1.30757210856179e-06 0.58556950064957
1e+06 0 1 -2 -2 -2
1e+06 0.229508196721311 0.000697720340304412 0.00120917931875765 2.30990348669326e-06 0.479707267260177
1e+06 0 1 -2 -2 -2
1e+06 0 1 -2 -2 -2
1e+06 0.385964912280702 0.00088234728306606 0.000578546096070319 4.16548181083738e-07 0.608092030109349
1e+06 0 1 -2 -2 -2
1e+06 0 0.00073000996044007 0.000596227205007776 3.70151377071336e-07 0.613775608484537
1e+06 0 1 -2 -2 -2
1e+06 0 1 -2 -2 -2
1e+06 0 1 -2 -2 -2
1e+06 0 1 -2 -2 -2
1e+06 0 1 -2 -2 -2
1e+06 0 1 -2 -2 -2
1e+06 0 1 -2 -2 -2
1e+06 0 1 -2 -2 -2
1e+06 0 1 -2 -2 -2
1e+06 0 1 -2 -2 -2
1e+06 0.672727272727273 0.000745242901651511 0.000321240101846375 1.11891467092348e-07 0.319162942596313
1e+06 0 1 -2 -2 -2
1e+06 0 0.000995602164845974 0.0012005674360165 1.44946810584486e-06 1.40323996802236
1e+06 0 1 -2 -2 -2
1e+06 0 1 -2 -2 -2
1e+06 0 1 -2 -2 -2
1e+06 0 1 -2 -2 -2
1e+06 0 1 -2 -2 -2
1e+06 0 1 -2 -2 -2
1e+06 0 1 -2 -2 -2
1e+06 0 1 -2 -2 -2
1e+06 0 1 -2 -2 -2
1e+06 0 1 -2 -2 -2
1e+06 0 1 -2 -2 -2
1e+06 0 1 -2 -2 -2
1e+06 0 1 -2 -2 -2
1e+06 0 1 -2 -2 -2
1e+06 0 1 -2 -2 -2
1e+06 0 1 -2 -2 -2
1e+06 0 1 -2 -2 -2
1e+06 0 0.000806256234519698 0.000937755850679971 8.97528322077436e-07 1.15765530669554
1e+06 0 1 -2 -2 -2
1e+06 0 1 -2 -2 -2
1e+06 0 1 -2 -2 -2
1e+06 0 1 -2 -2 -2
1e+06 0 1 -2 -2 -2
1e+06 0 0.00110635058102601 0.00188655280519925 3.559092151054e-06 3.62301990881797
1e+06 0 1 -2 -2 -2
1e+06 0.5625 0.000581293459508747 0.000312222728618877 1.71386257482317e-07 0.264702584837776
1e+06 0 1 -2 -2 -2
1e+06 0 0.000991326897771719 0.00124628738863107 1.57730832879011e-06 1.49963403636133
1e+06 0 1 -2 -2 -2
1e+06 0 0.00104968253053211 0.00172062886540882 2.96147073537031e-06 3.05005648929404
1e+06 0 1 -2 -2 -2
1e+06 0 0.000784713164443623 0.00101275970964419 1.10244443438584e-06 1.40861636845696
1e+06 0 1 -2 -2 -2
1e+06 0 1 -2 -2 -2
1e+06 0 1 -2 -2 -2
1e+06 0 1 -2 -2 -2
1e+06 0 1 -2 -2 -2
1e+06 0 1 -2 -2 -2
1e+06 0 1 -2 -2 -2
1e+06 0 1 -2 -2 -2
1e+06 0 1 -2 -2 -2
1e+06 0 1 -2 -2 -2
1e+06 0 1 -2 -2 -2
1e+06 0 1 -2 -2 -2
1e+06 0.235294117647059 0.000602242320350065 0.000570645343922188 4.81000314941103e-07 0.679415551277262
1e+06 0 1 -2 -2 -2
1e+06 0 1 -2 -2 -2
1e+06 0 1 -2 -2 -2
1e+06 0 1 -2 -2 -2
1e+06 0 1 -2 -2 -2
1e+06 0 1 -2 -2 -2
1e+06 0 0.00100029631125377 0.00102209265490431 1.13020079936203e-06 1.09812645355992
1e+06 0 1 -2 -2 -2
1e+06 0 1 -2 -2 -2
1e+06 0 0.000809733778060769 0.000760634587016357 5.81495873134801e-07 0.824704550871473
1e+06 0 1 -2 -2 -2
1e+06 0 0.000944049169615451 0.00103310049207353 1.07774229469511e-06 1.15029780058017
1e+06 0 1 -2 -2 -2
1e+06 0 0.000977243936595294 0.00139382512606163 1.94389931637344e-06 1.95282833244224
1e+06 0 0.00095157685419903 0.00130876821160861 1.71322613707296e-06 1.77555584511382
1e+06 0.509090909090909 0.000623770964251047 0.000392117878839187 3.02062916173536e-07 0.475039465485303
1e+06 0 1 -2 -2 -2
1e+06 0 1 -2 -2 -2
1e+06 0.18 0.000951036901717115 0.00086860822322601 8.76143945084888e-07 0.93393194773679
1e+06 0.151162790697674 0.000582819109785752 0.000795259322196003 7.88107866513463e-07 0.489131062246109
1e+06 0 0.00108638063162213 0.00176735201079068 3.12437663944642e-06 2.98955960134389
1e+06 0 1 -2 -2 -2
1e+06 0 1 -2 -2 -2
1e+06 0 1 -2 -2 -2
1e+06 0 1 -2 -2 -2
1e+06 0 1 -2 -2 -2
1e+06 0 0.00092480274277736 0.00133894323673005 1.80521876993447e-06 2.00079092354744
1e+06 0 1 -2 -2 -2
1e+06 0 1 -2 -2 -2
1e+06 0.430769230769231 0.000516982842803134 0.000307466756002091 1.16613629607972e-07 0.20344923480552
1e+06 0.389830508474576 0.000884479906923833 0.000517464864395111 3.21018454000676e-07 0.522790130390726
1e+06 0.76 0.000696851495353027 0.000287616213884405 8.49877504811599e-08 0.264704636095648
1e+06 0 0.000830469475623634 0.000879689114881155 7.85122685475465e-07 0.998447847936763
1e+06 0.757142857142857 0.000744431934970788 0.000249852866386372 8.99525395701461e-08 0.243721906217143
1e+06 0 1 -2 -2 -2
1e+06 0 1 -2 -2 -2
1e+06 0 1 -2 -2 -2
1e+06 0 1 -2 -2 -2
1e+06 0 0.000874754856401726 0.000961159362043618 9.28550203156866e-07 1.09664467942002
1e+06 0 1 -2 -2 -2
1e+06 0 1 -2 -2 -2
1e+06 0 1 -2 -2 -2
1e+06 0 0.000783752389713607 0.0010379832821778 1.16770861062242e-06 1.49883554494266
1e+06 0 1 -2 -2 -2
1e+06 0 1 -2 -2 -2
1e+06 0 0.000871378945571761 0.00109748057546334 1.20823030630008e-06 1.40719510373668
1e+06 0 1 -2 -2 -2
1e+06 0 0.00100030132160759 0.00154990814248265 2.40354851638661e-06 2.48611209715218
1e+06 0 0.000928315267969258 0.00103937443304275 1.0828418947656e-06 1.17813670533415
1e+06 0 0.00109020542290522 0.00174084052125242 3.03319317259533e-06 2.81242096795484
1e+06 0 1 -2 -2 -2
1e+06 0 1 -2 -2 -2
1e+06 0 1 -2 -2 -2
1e+06 0 1 -2 -2 -2
1e+06 0.30188679245283 0.000906301421006879 0.000709055126284736 5.85764541753189e-07 0.745279899867676
1e+06 0 0.000808584631842119 0.00101874530551508 1.10188155133142e-06 1.36280697378202
1e+06 0 1 -2 -2 -2
1e+06 0 0.000880757473794833 0.00130796732826909 1.75938812957252e-06 2.11193910302084
1e+06 0.411764705882353 0.000470618559363679 0.000229784454191949 6.20511789495635e-08 0.219447641153407
1e+06 0 1 -2 -2 -2
1e+06 0 1 -2 -2 -2
1e+06 0 1 -2 -2 -2
1e+06 0 1 -2 -2 -2
1e+06 0 1 -2 -2 -2
1e+06 0 1 -2 -2 -2
1e+06 0 0.000996730596413361 0.00149650377260507 2.24177616034524e-06 2.25539933398095
1e+06 0 1 -2 -2 -2
1e+06 0 1 -2 -2 -2
1e+06 0 1 -2 -2 -2
1e+06 0 1 -2 -2 -2
1e+06 0 0.00105594904286765 0.00176448340555139 3.11472086057088e-06 3.29564437005448
1e+06 0.543478260869565 0.00075573188606179 0.000515663722625189 4.34175715591375e-07 0.645139397810457
1e+06 0 0.00109117863580135 0.00134869108737636 1.89432339466449e-06 1.55099087443936
1e+06 0.281481481481481 0.000815586564381316 0.0011552374552123 2.52188947657829e-06 0.440813867048358
1e+06 0 0.000782064038019363 0.000934286565604525 9.0788153467751e-07 1.21593557662363
1e+06 0 1 -2 -2 -2
1e+06 0 0.00102597159701817 0.00119709605009746 1.47913154067135e-06 1.35230830428568
1e+06 0 1 -2 -2 -2
1e+06 0 1 -2 -2 -2
1e+06 0 0.00103388290495505 0.00111822693354041 1.34070758580462e-06 1.21531893973652
1e+06 0.367647058823529 0.00108609008002538 0.000857992203658451 1.08504474174444e-06 0.899332103730538
1e+06 0.354838709677419 0.000994488150421901 0.000721214752898823 6.93162546060887e-07 0.750468918496343
1e+06 0 0.00102862125174554 0.001095638985058 1.29425754475736e-06 1.18469386010034
1e+06 0 1 -2 -2 -2
1e+06 0 0.000856519204673406 0.00115105311955066 1.35088966035456e-06 1.6079199530831
1e+06 0 1 -2 -2 -2
1e+06 0.122448979591837 0.000679603643142665 0.00122315191769017 1.8697112214587e-06 0.744667228190766
1e+06 0 0.00106900529576441 0.00155638394530737 2.43364739347394e-06 2.14792177192514
1e+06 0 1 -2 -2 -2
1e+06 0 1 -2 -2 -2
1e+06 0 1 -2 -2 -2
1e+06 0 1 -2 -2 -2
1e+06 0 1 -2 -2 -2
1e+06 0 0.00104374356109773 0.00121197462585532 1.56131151287727e-06 1.3602040882583
1e+06 0 0.00107301779806009 0.00180063994057942 3.24256857873944e-06 3.36492445912059
1e+06 0 0.00104402583554023 0.00169212995472238 2.86373852255257e-06 2.92557761985476
1e+06 0 0.000938488602805262 0.00134253760834363 1.80860798641114e-06 1.94160831436025
1e+06 0 0.000834442956005029 0.000833025331197438 6.96868776923232e-07 0.913210555954706
1e+06 0 0.000828173006946871 0.000860256061141892 7.45492560018342e-07 0.961894224912425
1e+06 1 0.000633727472386583 0.000154346600596343 4.49321983328448e-08 0.0988470385306603
1e+06 0 1 -2 -2 -2
1e+06 0 0.000972661542612198 0.00130616746592263 1.70646850669396e-06 1.69995830851199
1e+06 0 0.00108628042905547 0.0017825409479255 3.17780108459278e-06 3.08829776424099
1e+06 0.234375 0.000751779140355723 0.00126650671908318 2.55739041100981e-06 0.507745614220042
1e+06 0.4 0.000628645312876537 0.000418504109875503 2.7301990743348e-07 0.376700326238411
1e+06 0 0.000782028820912344 0.000753795334068137 5.78439417017654e-07 0.821542450246248
1e+06 0 1 -2 -2 -2
1e+06 0 1 -2 -2 -2
1e+06 0 0.00102025918112265 0.00150492278315864 2.26555232349481e-06 2.16568443340922
1e+06 0 0.000788311159888577 0.000655841745433545 4.47788015936991e-07 0.702818009104316
1e+06 0 1 -2 -2 -2
1e+06 0 1 -2 -2 -2
1e+06 0 0.000916248595624509 0.00126090657718833 1.59707569297342e-06 1.75119576285115
1e+06 0 1 -2 -2 -2
1e+06 0.448979591836735 0.000764697901931507 0.000453989599510712 2.12697101954633e-07 0.453353677834791
1e+06 0 1 -2 -2 -2
1e+06 0 1 -2 -2 -2
1e+06 0.394366197183099 0.00106631133915128 0.000802349570341137 9.45299807299412e-07 0.825656584033209
1e+06 0.207407407407407 0.00076927372403903 0.00109553181307279 1.98411439747859e-06 0.401625761781665
1e+06 0 0.000738016063642366 0.000663654380817775 4.63494363029301e-07 0.711004998678342
1e+06 0 0.000859410769059243 0.000999853703185384 1.00703758053826e-06 1.19738855971553
1e+06 0 1 -2 -2 -2
1e+06 0 1 -2 -2 -2
1e+06 0 1 -2 -2 -2
1e+06 0 1 -2 -2 -2
1e+06 0 1 -2 -2 -2
1e+06 0.1875 0.00085547197301726 0.0012873828212745 2.42108010875552e-06 0.574133736414088
1e+06 0 1 -2 -2 -2
1e+06 0 1 -2 -2 -2
1e+06 0.266666666666667 0.00080262500063341 0.0011474466675505 2.17833278879235e-06 0.477485630681986
1e+06 0 0.000887344914766835 0.00133591658252877 1.81392485938436e-06 2.22525265374191
1e+06 0.25531914893617 0.000983641103681164 0.000716741146403608 6.31931276756826e-07 0.540234533762637
1e+06 0 1 -2 -2 -2
1e+06 0 1 -2 -2 -2
1e+06 0 1 -2 -2 -2
1e+06 0 0.000935755740131747 0.00112616521650495 1.26842756387928e-06 1.34321013224712
1e+06 0 0.000937708756357068 0.00125830484274511 1.58412762906198e-06 1.67654267815984
1e+06 0 1 -2 -2 -2
1e+06 0 1 -2 -2 -2
1e+06 0 0.000870479198455 0.00105697693810105 1.12142098361873e-06 1.31203819844878
1e+06 0 0.000745717187226436 0.000761595337501869 6.12485583268713e-07 0.876896362422243
1e+06 0 1 -2 -2 -2
1e+06 0.525423728813559 0.000818694457996305 0.000436899529724322 2.74302989773986e-07 0.482786783641749
1e+06 0 1 -2 -2 -2
1e+06 0 1 -2 -2 -2
1e+06 0 1 -2 -2 -2
1e+06 0 1 -2 -2 -2
1e+06 0 1 -2 -2 -2
1e+06 0 1 -2 -2 -2
1e+06 0.423728813559322 0.000868337540557122 0.000465057898726498 2.60639810134706e-07 0.468402762679121
1e+06 0 1 -2 -2 -2
1e+06 0.227272727272727 0.000611066211907954 0.000512594454900061 3.62304232562884e-07 0.55989912815697
1e+06 0 1 -2 -2 -2
1e+06 0.251851851851852 0.000839259896032017 0.00125686951540005 2.66018970844626e-06 0.500514382225582
1e+06 0 0.000856424975959877 0.000974068035800443 9.55801405476112e-07 1.14908746908286
1e+06 0 1 -2 -2 -2
1e+06 0 1 -2 -2 -2
1e+06 0 1 -2 -2 -2
1e+06 0 1 -2 -2 -2
1e+06 0 1 -2 -2 -2
1e+06 0 1 -2 -2 -2
1e+06 0 1 -2 -2 -2
1e+06 0 1 -2 -2 -2
1e+06 0 1 -2 -2 -2
1e+06 0 1 -2 -2 -2
1e+06 0.666666666666667 0.000707195637819821 0.000283237621363843 1.70009774120942e-07 0.360894507030146
1e+06 0.434210526315789 0.00106657877906083 0.00073961861664692 7.75250181427825e-07 0.725897022516543
1e+06 0 0.000981208210082427 0.00140307996582653 1.96874692576684e-06 1.97575407752684
1e+06 0 1 -2 -2 -2
1e+06 0 0.000688755243155557 0.000517037796499152 2.98140366203114e-07 0.514823069421085
1e+06 0 1 -2 -2 -2
1e+06 0 1 -2 -2 -2
1e+06 0.72 0.000630043446421154 0.000290819948155133 1.06989761183329e-07 0.179880399030483
1e+06 0.818181818181818 0.000739321067343641 0.000165995803172224 3.66332478790429e-08 0.161446322468244
1e+06 0 0.00093225029238411 0.00130883359559999 1.72880527610064e-06 1.87919776782726
1e+06 0.425 0.00094555001997619 0.000643245618502734 5.95879595012996e-07 0.613981221064449
1e+06 0.176991150442478 0.000782555327336915 0.00116575890418915 1.82396147776906e-06 0.590122108613813
1e+06 0 1 -2 -2 -2
1e+06 0 1 -2 -2 -2
1e+06 0.32 0.000845666611900389 0.0010237482971367 1.69932206405366e-06 0.459880156196668
1e+06 0.444444444444444 0.000582868726214958 0.000400731744120172 2.75362846279586e-07 0.377685921169168
1e+06 0.46969696969697 0.000947485707463791 0.000629486316303545 6.32855487916034e-07 0.692456273616692
1e+06 0 1 -2 -2 -2
1e+06 0 1 -2 -2 -2
1e+06 0 0.00097022593150738 0.0011681475742765 1.38460148483361e-06 1.37063180572885
1e+06 0 1 -2 -2 -2
1e+06 0 1 -2 -2 -2
1e+06 0.316455696202532 0.000723978265508118 0.000505105692119327 3.27880883408694e-07 0.401829205146284
1e+06 0 1 -2 -2 -2
1e+06 0 0.000899679482806283 0.00113710454216187 1.29408063355441e-06 1.44429172363239
1e+06 0.977272727272727 0.000532507267362774 0.00017010100242433 4.88301611131386e-08 0.141590621874401
1e+06 0.235849056603774 0.000918103720151565 0.000895936924013391 1.02743912463003e-06 0.577067604429578
1e+06 0 1 -2 -2 -2
1e+06 0.629032258064516 0.000770539273516108 0.000358569464735418 2.50576288151113e-07 0.433831400459437
1e+06 0.303703703703704 0.000766651999907579 0.00117456544831079 2.4822214946053e-06 0.405844533043269
1e+06 0 1 -2 -2 -2
1e+06 0 1 -2 -2 -2
1e+06 0.315217391304348 0.000691540807410482 0.000550963916772213 4.10006812539228e-07 0.309840781447023
1e+06 0 1 -2 -2 -2
1e+06 0.472972972972973 0.000714299016176395 0.000412451512569695 2.23746620020186e-07 0.358987731318552
1e+06 0 1 -2 -2 -2
1e+06 0 1 -2 -2 -2
1e+06 0.466666666666667 0.00060434584101447 0.000378986887771073 2.24498501420846e-07 0.343142597423896
1e+06 0 0.000673402735402263 0.000430714963684637 2.08993913104394e-07 0.408187116781023
1e+06 0 1 -2 -2 -2
1e+06 0 1 -2 -2 -2
1e+06 0.557692307692308 0.000744097613162994 0.000411729659063595 2.03502431749613e-07 0.443473693527827
1e+06 0 1 -2 -2 -2
1e+06 0 1 -2 -2 -2
1e+06 0 1 -2 -2 -2
1e+06 0 0.000767818087047264 0.000856534440595832 7.62166983326707e-07 1.04368456896585
1e+06 0.894736842105263 0.000480758735788415 0.000178309214087431 5.89567884724017e-08 0.15491739986334
1e+06 0 0.000694382151875249 0.000656501949098213 5.26909111274923e-07 0.729515872307765
1e+06 0.680851063829787 0.000686729231897142 0.000352815979407621 1.3159952696743e-07 0.352977631612286
1e+06 0 1 -2 -2 -2
1e+06 0 0.000774962031320134 0.000949918249747537 9.56482606161439e-07 1.27210177866643
1e+06 0 1 -2 -2 -2
1e+06 0 1 -2 -2 -2
1e+06 0.558823529411765 0.00047765828256605 0.000238551361158984 9.51757325059812e-08 0.227806783081541
1e+06 0 0.00102391003500389 0.00164939733013203 2.72203650275256e-06 2.84873576018771
1e+06 0 0.00102574108528164 0.00163464305672324 2.6737176945319e-06 2.75297847527568
1e+06 0 1 -2 -2 -2
1e+06 0 1 -2 -2 -2
1e+06 0 1 -2 -2 -2
1e+06 0.863636363636364 0.000650982896816297 0.000283498316626965 9.51344072327402e-08 0.245776909158985
1e+06 0 0.000800914084046024 0.0010044742238139 1.05560337323914e-06 1.3533471910076
1e+06 0 1 -2 -2 -2
1e+06 0 0.00109377507083025 0.00184525196620148 3.4049958911648e-06 3.44915411925357
1e+06 0 0.00107432378061997 0.00177318292410732 3.14417937381133e-06 3.14726743548519
1e+06 0 1 -2 -2 -2
1e+06 0 1 -2 -2 -2
1e+06 0 0.00089209792660551 0.0012780707930268 1.6761101558246e-06 1.92736881130367
1e+06 0.113636363636364 0.000748897210648291 0.000522431140177951 2.79722763021325e-07 0.537150412177299
1e+06 0 1 -2 -2 -2
1e+06 0 1 -2 -2 -2
1e+06 0.783783783783784 0.000575910407405618 0.000256828341970423 9.92316769348666e-08 0.227569264287159
1e+06 0 1 -2 -2 -2
1e+06 0.629032258064516 0.000765437341648945 0.000364412187928149 2.75973782302847e-07 0.448396582472777
1e+06 0 1 -2 -2 -2
1e+06 0 1 -2 -2 -2
1e+06 0 1 -2 -2 -2
1e+06 0 1 -2 -2 -2
1e+06 0.214814814814815 0.000998519694265326 0.00127156344645524 2.35618803095712e-06 0.631313442898183
1e+06 0 0.000987930094516465 0.0010228711149235 1.13399059807134e-06 1.1108984124867
1e+06 0 0.000689230304573094 0.000755675062891809 6.60341364140975e-07 0.961542909986398
1e+06 0 1 -2 -2 -2
1e+06 0 1 -2 -2 -2
1e+06 0 1 -2 -2 -2
1e+06 0 1 -2 -2 -2
1e+06 0 0.000804621610958 0.000855538466556923 7.37195461345773e-07 0.986580611334632
1e+06 0 1 -2 -2 -2
1e+06 0.375 0.000899699315267868 0.000668539753138444 5.75904010177734e-07 0.720963783410144
1e+06 0 1 -2 -2 -2
1e+06 0 1 -2 -2 -2
1e+06 0 0.000957349872480777 0.00141290108360841 2.00208422679539e-06 2.12172212792877
1e+06 0 1 -2 -2 -2
1e+06 0 1 -2 -2 -2
1e+06 0 1 -2 -2 -2
1e+06 0 0.00104781871675163 0.0012992148133997 1.74562815316936e-06 1.51838432063257
1e+06 0 1 -2 -2 -2
1e+06 0 1 -2 -2 -2
1e+06 0.433333333333333 0.00064256012825413 0.000425677778090313 3.11117456246587e-07 0.475415140985162
1e+06 0 0.00103755201971526 0.00146083695931033 2.14238155976272e-06 1.95190331081028
1e+06 0.4 0.000517218544496017 0.000408411373166144 3.03398642935248e-07 0.442682866519917
1e+06 0 0.00100089509483873 0.00161429839012111 2.61677874947004e-06 2.85131535040319
1e+06 0 0.000846379995040884 0.00094503487901657 8.95167791856213e-07 1.10584992053353
1e+06 0 1 -2 -2 -2
1e+06 0 1 -2 -2 -2
1e+06 0 1 -2 -2 -2
1e+06 0 0.000857966418868771 0.00108291277909804 1.18945900318133e-06 1.41094947822495
1e+06 0 1 -2 -2 -2
1e+06 0 1 -2 -2 -2
1e+06 0.691176470588235 0.000618105227212808 0.000309247129665173 1.2037127991235e-07 0.264939308651896
1e+06 0 1 -2 -2 -2
1e+06 0.409090909090909 0.000777116548177383 0.000599286238333928 4.40761469156805e-07 0.689384762867077
1e+06 0 1 -2 -2 -2
1e+06 0 0.00101328633352729 0.00143711429441637 2.06749883850892e-06 1.96792477664081
1e+06 0.214814814814815 0.00108038247421799 0.00126170213220125 2.22010620107378e-06 0.669576108861813
1e+06 0 0.000984120987573219 0.00141004911852996 1.98843118438548e-06 1.98225540209034
1e+06 0 0.00105627787265692 0.00177977724472874 3.16951723427829e-06 3.41547379124582
1e+06 0 0.00101985120578044 0.00134590377470913 1.8216576571164e-06 1.68067028138472
1e+06 0.1 0.000685234022600588 0.000455517760342918 2.15862626439868e-07 0.463862359572678
1e+06 0 0.000657636103026897 0.000681282761895541 5.50644520431105e-07 0.842809693030116
1e+06 0 1 -2 -2 -2
1e+06 0 1 -2 -2 -2
1e+06 0 1 -2 -2 -2
1e+06 0.442307692307692 0.000809607393354351 0.00054317183323824 3.54664954018275e-07 0.586060654216639
1e+06 0.204545454545455 0.000725909890296718 0.0014209866319009 3.10171331280908e-06 0.551526327993996
1e+06 0 1 -2 -2 -2
1e+06 0 1 -2 -2 -2
1e+06 0 1 -2 -2 -2
1e+06 0 1 -2 -2 -2
1e+06 0 0.000923193131632751 0.00129153516586278 1.67856728586882e-06 1.82489533964696
1e+06 0 1 -2 -2 -2
1e+06 0 1 -2 -2 -2
1e+06 0 1 -2 -2 -2
1e+06 0 1 -2 -2 -2
1e+06 0 0.0010406577444755 0.00125910432429925 1.61922165725026e-06 1.45249029723699
1e+06 0 1 -2 -2 -2
1e+06 0 1 -2 -2 -2
1e+06 0.223684210526316 0.000562047013932342 0.00047419601366979 2.82159554137758e-07 0.303670092576674
1e+06 0 1 -2 -2 -2
1e+06 0 1 -2 -2 -2
1e+06 0 1 -2 -2 -2
1e+06 0 0.00111586099512125 0.0019066128710629 3.63534429021659e-06 3.66206568755254
1e+06 0.333333333333333 0.000780418188052572 0.00104115087490732 1.93108384903242e-06 0.383004813962972
1e+06 0.130434782608696 0.000757097124820639 0.000466197045570102 2.18468725434511e-07 0.444811860861375
1e+06 0 1 -2 -2 -2
1e+06 0 1 -2 -2 -2
1e+06 0 1 -2 -2 -2
1e+06 0 1 -2 -2 -2
1e+06 0 0.000957090208610696 0.00130560621522351 1.70475377602447e-06 1.74711885712066
1e+06 0 1 -2 -2 -2
1e+06 0 1 -2 -2 -2
1e+06 0.231707317073171 0.000891178230509869 0.000842333578040107 9.39754316955425e-07 0.740100788647103
1e+06 0 0.000866719034367603 0.00106824737266428 1.14582287568292e-06 1.34505890751627
1e+06 0 0.000817668856828982 0.00085039096282211 7.29410442072245e-07 0.961844972376321
1e+06 0 1 -2 -2 -2
1e+06 0 0.000681035803751605 0.000739891500818858 6.33893920409831e-07 0.941345270328583
1e+06 0 1 -2 -2 -2
1e+06 0 1 -2 -2 -2
1e+06 0 1 -2 -2 -2
1e+06 0 1 -2 -2 -2
1e+06 0.72 0.000802095211234206 0.000295869122432523 1.20293814299136e-07 0.26897174969878
1e+06 0.310344827586207 0.000644709134229634 0.000463164588030588 3.03025780662933e-07 0.439923581121222
1e+06 0 0.00105720630792266 0.0017675813934138 3.12550815731786e-06 3.30162124889247
1e+06 0.978260869565217 0.000666885107695365 0.000267943369591198 9.09477524760013e-08 0.213913239951299
1e+06 0 0.000855405775931573 0.000744073018358786 5.74921251971306e-07 0.783540030433493
1e+06 0 1 -2 -2 -2
1e+06 0 1 -2 -2 -2
1e+06 0 1 -2 -2 -2
1e+06 0 1 -2 -2 -2
1e+06 0.529411764705882 0.000580914444099622 0.00031542196333685 1.69025902981898e-07 0.271376085891814
1e+06 0 1 -2 -2 -2
1e+06 0 1 -2 -2 -2
1e+06 0.224806201550388 0.000868956552403195 0.0010699653183141 1.6474939221859e-06 0.478666592975989
1e+06 0 1 -2 -2 -2
1e+06 0 1 -2 -2 -2
1e+06 0 1 -2 -2 -2
1e+06 0 1 -2 -2 -2
1e+06 0 1 -2 -2 -2
1e+06 0 1 -2 -2 -2
1e+06 0 0.00108506287978132 0.00179589040001893 3.22538088223538e-06 3.18941999827706
1e+06 0 1 -2 -2 -2
1e+06 0 1 -2 -2 -2
1e+06 0 1 -2 -2 -2
1e+06 0 1 -2 -2 -2
1e+06 0 1 -2 -2 -2
1e+06 0 1 -2 -2 -2
1e+06 0 0.00108152892102715 0.00180372261463646 3.25349325584651e-06 3.28381366681539
1e+06 0 1 -2 -2 -2
1e+06 0 0.000956419038395093 0.00115291306877322 1.33550520248355e-06 1.36455567020073
1e+06 0 1 -2 -2 -2
1e+06 0.769230769230769 0.000591313346806944 0.000231683423931229 1.06173539521781e-07 0.169103467990549
1e+06 0 1 -2 -2 -2
1e+06 0 1 -2 -2 -2
1e+06 0 1 -2 -2 -2
1e+06 0 1 -2 -2 -2
1e+06 0 1 -2 -2 -2
1e+06 0 1 -2 -2 -2
1e+06 0 0.000767862066840563 0.000540847256169018 2.9598048488144e-07 0.522962286684723
1e+06 0 1 -2 -2 -2
1e+06 0 1 -2 -2 -2
1e+06 0 1 -2 -2 -2
1e+06 0 1 -2 -2 -2
1e+06 0.777777777777778 0.00068679649409266 0.000195205307106126 5.93581446088197e-08 0.210302077709724
1e+06 0 1 -2 -2 -2
1e+06 0 1 -2 -2 -2
1e+06 0 1 -2 -2 -2
1e+06 0 1 -2 -2 -2
1e+06 0 1 -2 -2 -2
1e+06 0 1 -2 -2 -2
1e+06 0 1 -2 -2 -2
1e+06 0 0.00097044964568191 0.00145505942456014 2.12143343929008e-06 2.23450447802677
1e+06 0 0.000682347866975981 0.000756263829721499 6.87800096397967e-07 0.970419562847986
1e+06 0.204081632653061 0.000825832521294365 0.000563108560750425 3.2392841069819e-07 0.554858550091293
1e+06 0.2 0.000586534709456717 0.000686933949638148 6.2534666682125e-07 0.374440454107416
1e+06 0.486111111111111 0.00094844600746545 0.000551705542600935 4.37543283942022e-07 0.559437272725971
1e+06 0 1 -2 -2 -2
1e+06 0 1 -2 -2 -2
1e+06 0.144444444444444 0.000925788249440796 0.00101206326976034 1.21544250350577e-06 0.751278926943062
1e+06 0 1 -2 -2 -2
1e+06 0 1 -2 -2 -2
1e+06 0.133333333333333 0.000563393749339954 0.00160012104373557 3.87610576537133e-06 0.565206819419049
1e+06 1 0.0006279598419292 6.04782624924706e-05 5.1843049972516e-09 0.0544131092539442
1e+06 0 0.000868538119756897 0.000750032100102728 5.68845523302945e-07 0.770924365763287
1e+06 0 1 -2 -2 -2
1e+06 0 1 -2 -2 -2
1e+06 0.567567567567568 0.000639511251178685 0.000364893659089602 1.70773088078773e-07 0.326406977517091
1e+06 0 1 -2 -2 -2
1e+06 0.660714285714286 0.000719634774271992 0.00028523710715812 1.11777403528811e-07 0.316657864970541
1e+06 0 0.000992316718768344 0.00142757682342257 2.03810092449684e-06 2.00830715786092
1e+06 0 1 -2 -2 -2
1e+06 0 1 -2 -2 -2
1e+06 0 0.00109120915585557 0.00182452516491087 3.32889293347465e-06 3.32258458845891
1e+06 0 0.00105627339064303 0.0016860820612178 2.8430047477215e-06 2.78102768170046
1e+06 0 1 -2 -2 -2
1e+06 0 1 -2 -2 -2
1e+06 0 1 -2 -2 -2
1e+06 0 0.000900616994362691 0.00111061399692247 1.23405081561445e-06 1.37367751196467
1e+06 0 1 -2 -2 -2
1e+06 0 1 -2 -2 -2
1e+06 0.240740740740741 0.000840675469489277 0.00090812429129227 1.06715553287664e-06 0.544007426747485
1e+06 0 1 -2 -2 -2
1e+06 0.920634920634921 0.000740142753581227 0.000149475443639912 2.53090886242022e-08 0.136356812493464
1e+06 0 0.000956719762812704 0.00127143199483938 1.61826824969243e-06 1.63715286761923
1e+06 0 0.00105000484656407 0.00153952949934722 2.37884829815502e-06 2.15740411745082
1e+06 0 0.000882671831391677 0.000883717651445754 7.94862097339367e-07 0.964754491544787
1e+06 0 1 -2 -2 -2
1e+06 0 0.000665424715800062 0.000474915302481355 2.59368691466269e-07 0.467372287322144
1e+06 0 1 -2 -2 -2
1e+06 0.310344827586207 0.000778804890271916 0.000885334379080655 1.26581917614787e-06 0.362518919586193
