1e+06 0 0.0010483710779712 0.00149025046109479 2.23105417541058e-06 2.01392143700915
1e+06 0.388059701492537 0.000894280341642355 0.000653212206227508 6.33814687945126e-07 0.667723572834855
1e+06 0 1 1 1 1
1e+06 0 0.00091493114391138 0.000910660335444944 8.43296200121531e-07 1.00143554830519
1e+06 0.211009174311927 0.000857191142862483 0.0012477125440719 2.41579218160322e-06 0.528752221355178
1e+06 0 1 1 1 1
1e+06 0 1 1 1 1
1e+06 0 1 1 1 1
1e+06 0.174757281553398 0.000898415504700154 0.00123583931352205 2.16803802625053e-06 0.643880837089626
1e+06 0 1 1 1 1
1e+06 0 1 1 1 1
1e+06 0 1 1 1 1
1e+06 0.645161290322581 0.000759993730566096 0.000405893358104277 2.31477708566445e-07 0.411695294088843
1e+06 0.454545454545455 0.000887562658426519 0.000583670051300506 5.40374121485814e-07 0.680140940724917
1e+06 0.537313432835821 0.000854950406688994 0.000489348597980579 3.35046915053917e-07 0.479482682537029
1e+06 0 1 1 1 1
1e+06 0 1 1 1 1
1e+06 0.171641791044776 0.000987027637513869 0.00209281269480317 7.61774617948548e-06 0.693199622399969
1e+06 0 1 1 1 1
1e+06 0 1 1 1 1
1e+06 0.355263157894737 0.000830261719242686 0.000585342845269637 4.53973871584877e-07 0.458301150574673
1e+06 0 1 1 1 1
1e+06 0.208333333333333 0.00100416698782082 0.000862238977870532 8.63871232865931e-07 0.920357940768812
1e+06 0.297872340425532 0.000854171131312907 0.000571831180257761 3.57796856152287e-07 0.595079140903223
1e+06 0.17910447761194 0.00104136010413446 0.00190198520468597 6.01921628845511e-06 0.677465777391203
1e+06 0 1 1 1 1
1e+06 0.302631578947368 0.000706709516339431 0.00054459690714441 4.11052993772548e-07 0.332778104096789
1e+06 0 1 1 1 1
1e+06 0.774193548387097 0.000729732506536302 0.000231995882618628 7.17609735453618e-08 0.209977823422247
1e+06 0.448275862068966 0.00090684278987706 0.000498220904862448 3.44415012486916e-07 0.53378488624409
1e+06 0 1 1 1 1
1e+06 0 1 1 1 1
1e+06 0 0.000908016171490318 0.00130865955893056 1.73639161951661e-06 1.97567437158914
1e+06 0.17910447761194 0.00102884493522354 0.00203172572611171 6.74674479213513e-06 0.729903408590176
1e+06 0 1 1 1 1
1e+06 0 1 1 1 1
1e+06 0 1 1 1 1
1e+06 0 0.00106288877579862 0.00170737916045445 2.91524881248816e-06 2.84587987989139
1e+06 0.657894736842105 0.00065826286791472 0.000308654089487574 1.25556572883282e-07 0.251030612062612
1e+06 0.3125 0.000835804493474343 0.00048201279852835 2.43959098991378e-07 0.473289387639427
1e+06 0 1 1 1 1
1e+06 0 1 1 1 1
1e+06 0.239130434782609 0.000927002219000598 0.000762506174680471 6.62319394749296e-07 0.823654055860917
1e+06 0 1 1 1 1
1e+06 0 1 1 1 1
1e+06 0 1 1 1 1
1e+06 0 1 1 1 1
1e+06 0.164179104477612 0.000837540914213868 0.0018337643397056 5.36924191968682e-06 0.558218313892532
1e+06 0 1 1 1 1
1e+06 0 1 1 1 1
1e+06 0 0.00105692490507036 0.00171036309093298 2.92538976074469e-06 2.91458490803623
1e+06 0 1 1 1 1
1e+06 0 0.000835184193987583 0.000971834530150236 9.52911966658847e-07 1.18213576771775
1e+06 0 0.00101145184406945 0.00155740558760809 2.42692809316181e-06 2.43765915856159
1e+06 0.243589743589744 0.000948440101637249 0.000835148053486607 9.31179512724498e-07 0.712031007197154
1e+06 0 0.00108854397961645 0.0018035008099309 3.25307154555655e-06 3.20798692179638
1e+06 0 0.00102846091097217 0.00157657667694411 2.48575836591251e-06 2.42658974652601
1e+06 0 1 1 1 1
1e+06 0.542372881355932 0.000865395820357515 0.000405699654502448 2.27068084993661e-07 0.43042909173195
1e+06 0.125 0.000785487866760613 0.000558220146512471 3.12926612931619e-07 0.570473742209211
1e+06 0.288888888888889 0.00084496532283047 0.00063602030987921 4.59657816637421e-07 0.695910698150019
1e+06 0 1 1 1 1
1e+06 0 1 1 1 1
1e+06 0 1 1 1 1
1e+06 0 1 1 1 1
1e+06 0 0.000674464272455637 0.000565028934898486 3.71351301514731e-07 0.593391443032569
1e+06 0.178947368421053 0.000665028944667081 0.00108764701511325 1.67917736015836e-06 0.496823656961725
1e+06 0 1 1 1 1
1e+06 0 1 1 1 1
1e+06 0 1 1 1 1
1e+06 0 1 1 1 1
1e+06 0 1 1 1 1
1e+06 0 0.00107379531558768 0.00173076259738782 2.99617649561799e-06 2.88791052184342
1e+06 0.188524590163934 0.00098021897079239 0.00161103761100889 3.94003292731958e-06 0.665746826529758
1e+06 0 1 1 1 1
1e+06 0 1 1 1 1
1e+06 0 1 1 1 1
1e+06 0 1 1 1 1
1e+06 0.602739726027397 0.000838399080051813 0.000334033989583384 1.7280023729422e-07 0.206994610882984
1e+06 0.232876712328767 0.000787730162218676 0.000711619669351919 6.57008289127213e-07 0.587546406787147
1e+06 0 1 1 1 1
1e+06 0 0.000714942119445085 0.000532912857505896 3.02416610511697e-07 0.53322634974482
1e+06 0.25 0.000910015199998888 0.000650978015227947 4.70610675133418e-07 0.673928987505445
1e+06 0 1 1 1 1
1e+06 0 1 1 1 1
1e+06 0 1 1 1 1
1e+06 0 1 1 1 1
1e+06 0.201492537313433 0.000824446605894577 0.00209130640003174 7.85543534620183e-06 0.595676890231471
1e+06 0 0.00104568007777792 0.00155905342633291 2.43217876432966e-06 2.27437876273237
1e+06 0 0.00104069429386696 0.00142890020602236 2.06125679303892e-06 1.85679377488252
1e+06 0.155555555555556 0.00103414835357055 0.000999465556613538 1.13879722542528e-06 1.08878101675915
1e+06 0 1 1 1 1
1e+06 0 0.00083227481581572 0.000787479960292278 6.20513667531796e-07 0.861608375258499
1e+06 0 1 1 1 1
1e+06 0.168674698795181 0.000742466435859894 0.000981020371494564 1.22832145843168e-06 0.659421180524556
1e+06 0 1 1 1 1
1e+06 0 0.000950748573499955 0.00144048067271742 2.08334528642774e-06 2.29029315925372
1e+06 0.05 0.00103509841253307 0.00109896400245137 1.30658011818486e-06 1.22072332077482
1e+06 0 1 1 1 1
1e+06 0 1 1 1 1
