1e+06 0 1 1 1 1
1e+06 0 1 1 1 1
1e+06 0 1 1 1 1
1e+06 0 1 1 1 1
1e+06 0 1 1 1 1
1e+06 0 0.000913576404598186 0.000996067694518825 1.01582347801041e-06 1.14865007388616
1e+06 0 1 1 1 1
1e+06 0 1 1 1 1
1e+06 0 1 1 1 1
1e+06 0 0.000966604396076063 0.00103118064493365 1.11904630290034e-06 1.16280793819069
1e+06 0.214285714285714 0.00079104739669922 0.00054440064187202 3.03168021797775e-07 0.564139520835542
1e+06 0.3 0.000725667558338951 0.000450757690663012 2.04001596011277e-07 0.457853702190593
1e+06 0 1 1 1 1
1e+06 0 1 1 1 1
1e+06 0 1 1 1 1
1e+06 0 0.000848339693134496 0.00101569774327666 1.04087833824067e-06 1.25545457416051
1e+06 0 1 1 1 1
1e+06 0 1 1 1 1
1e+06 0 1 1 1 1
1e+06 0 1 1 1 1
1e+06 0 1 1 1 1
1e+06 0 1 1 1 1
1e+06 0 1 1 1 1
1e+06 0 1 1 1 1
1e+06 0 1 1 1 1
1e+06 0 1 1 1 1
1e+06 0 1 1 1 1
1e+06 0 1 1 1 1
1e+06 0 1 1 1 1
1e+06 0 1 1 1 1
1e+06 0 1 1 1 1
1e+06 0 0.000966086319424179 0.0013976369023781 1.95506740859289e-06 2.01954321098778
1e+06 0 1 1 1 1
1e+06 0 1 1 1 1
1e+06 0 1 1 1 1
1e+06 0 1 1 1 1
1e+06 0 1 1 1 1
1e+06 0 1 1 1 1
1e+06 0 1 1 1 1
1e+06 0 1 1 1 1
1e+06 0 1 1 1 1
1e+06 0 1 1 1 1
1e+06 0 1 1 1 1
1e+06 0 1 1 1 1
1e+06 0 0.0010483942970422 0.00158792208482487 2.52282575595795e-06 2.36113605596101
1e+06 0 1 1 1 1
1e+06 1 0.000603379139094693 0.000180861027948854 4.25119640984175e-08 0.152625880858679
1e+06 0 1 1 1 1
1e+06 0 1 1 1 1
1e+06 0 1 1 1 1
1e+06 0 1 1 1 1
1e+06 0 1 1 1 1
1e+06 0 1 1 1 1
1e+06 0 1 1 1 1
1e+06 0 1 1 1 1
1e+06 0 1 1 1 1
1e+06 0 1 1 1 1
1e+06 0 0.000978905927370134 0.00149890170560416 2.25512567333017e-06 2.38374985567732
1e+06 0 0.00111335276943487 0.00184384624209816 3.40190689758793e-06 3.21826727132148
1e+06 0 1 1 1 1
1e+06 0 1 1 1 1
1e+06 0 1 1 1 1
1e+06 0 1 1 1 1
1e+06 0 1 1 1 1
1e+06 0 1 1 1 1
1e+06 0 1 1 1 1
1e+06 0 1 1 1 1
1e+06 0 0.00099758721992961 0.00159671572276779 2.55558357308516e-06 2.76919962330674
1e+06 0.333333333333333 0.000883334796675961 0.00067971201317571 5.7666453075503e-07 0.759659472106441
1e+06 0 1 1 1 1
1e+06 0 1 1 1 1
1e+06 0 1 1 1 1
1e+06 0 0.000824003357605352 0.00109624748081561 1.25511986289286e-06 1.56383347046137
1e+06 0.637931034482759 0.000769621465808573 0.00031657660790231 1.5848318892414e-07 0.358740351417638
1e+06 0 1 1 1 1
1e+06 0 1 1 1 1
1e+06 0 0.000999305907453053 0.00153049329950852 2.3436968124151e-06 2.39577987476385
1e+06 0 1 1 1 1
1e+06 0 1 1 1 1
1e+06 0 1 1 1 1
1e+06 0 1 1 1 1
1e+06 0 1 1 1 1
1e+06 0 1 1 1 1
1e+06 0 1 1 1 1
1e+06 0 1 1 1 1
1e+06 0.36734693877551 0.000856102914738146 0.000549404763712385 3.57438010852623e-07 0.589053785511675
1e+06 0 1 1 1 1
1e+06 0 1 1 1 1
1e+06 0 1 1 1 1
1e+06 0 0.00103328943037776 0.00129165211258986 1.71772043437174e-06 1.55348601292773
1e+06 0 1 1 1 1
1e+06 0 1 1 1 1
1e+06 0 1 1 1 1
1e+06 0 1 1 1 1
1e+06 0 1 1 1 1
1e+06 0 1 1 1 1
1e+06 0 0.000830659807622842 0.000855850508039098 7.3422283101738e-07 0.974759955393723
1e+06 0 1 1 1 1
1e+06 0 1 1 1 1
1e+06 0 1 1 1 1
