1e+06 0 0.000345562986253756 0.000447846165006717 2.20631174907181e-07 1.50933560010939
1e+06 0.977272727272727 0.000301352182255602 9.15691058689509e-05 9.90566244907358e-09 0.167101883181742
1e+06 0 0.000367465882086876 0.000461461004539904 2.25236008561686e-07 1.26399140985898
1e+06 0 0.000278059732756768 0.000331600535663499 1.29700694211056e-07 0.927822345107413
1e+06 0 0.000355640945128446 0.000467799767436566 2.40677067782876e-07 1.43384402898883
1e+06 0 0.000298913899870906 0.000370617214664518 1.61664956101434e-07 1.12231500119092
1e+06 0.434782608695652 0.000287763896536818 0.000305350401531133 1.69160950412835e-07 0.650128637423155
1e+06 0 0.00037828761959375 0.000499568479481965 2.75733461890777e-07 1.68049891672443
1e+06 0.642857142857143 0.000222456972563015 0.000107230893583127 2.40131835567863e-08 0.247008148249667
1e+06 0 0.000371236030977421 0.000510924185716848 2.9476723638699e-07 1.71028162589099
1e+06 0.0909090909090909 0.000394890342183125 0.000306300893999255 9.90369121782082e-08 0.728312493645588
1e+06 0.0263157894736842 0.000155161409087407 0.000502028334643117 3.15342460840392e-07 0.53797681051355
1e+06 0 0.000387587234259707 0.000521027861008952 2.99479681736543e-07 1.63323537008851
1e+06 0.583333333333333 0.000226672890544328 0.000148375629572989 4.59875669471413e-08 0.307808025830512
1e+06 0 0.000337812315429899 0.000384241358865526 1.57660851635095e-07 0.996032280470915
1e+06 0 0.000326263415367637 0.000293042944566238 1.060608853052e-07 0.7094534863686
1e+06 0 0.000372092949611403 0.000500107346387872 2.79438192648392e-07 1.64063763338972
1e+06 0 0.000396128236067358 0.000511021090316169 2.84051921033879e-07 1.64966665431875
1e+06 0.0333333333333333 0.000321043767314171 0.000206066442692507 4.89341292143283e-08 0.461401329653725
1e+06 0 0.000307101699959354 0.000338079364348573 1.23108210083616e-07 0.986040685084953
1e+06 0.307692307692308 0.000259017562352559 0.000296999352339643 1.45259179666119e-07 0.856532489737425
1e+06 0 0.000378047360484101 0.000422538463850385 1.91782862794539e-07 1.17097664359832
1e+06 0.0777777777777778 0.000167013027017688 0.000684687307110741 6.58045560298234e-07 0.567690405296007
1e+06 0 0.000307075853745488 0.000388478457465831 1.82198429826523e-07 1.08667622396463
1e+06 0 0.000341048856608295 0.000447954014808198 2.22312982176748e-07 1.44182794387693
1e+06 0 0.000279946173343525 0.000362095029858845 1.64327973960176e-07 1.16803278579095
1e+06 0 0.000387326706933128 0.000410375990816309 1.8826594677255e-07 1.14415467914556
1e+06 0 0.000346096835261735 0.000410074366292108 1.78479805731605e-07 1.14550786594203
1e+06 0 0.000409531050575253 0.00051377592402276 2.82427250207935e-07 1.59011041702374
1e+06 0.5 0.000232936745661545 0.000201168643764189 8.07341588024998e-08 0.486802016586258
1e+06 0 0.000281732624686533 0.000321917494476572 1.31133831493705e-07 0.893514435006661
1e+06 0 0.000283570841827345 0.000317071914520105 1.28695469062277e-07 0.821630612728597
1e+06 0 0.000355532290502437 0.000513597237236346 3.08538156390505e-07 1.80515309954903
1e+06 0.6 0.000195774616648045 0.000168220359897305 6.57566253738958e-08 0.438708030570588
1e+06 0 0.000347273211472962 0.000452932370187238 2.25789392910475e-07 1.49433154703099
1e+06 0.222222222222222 0.00028720988557732 0.000298606338549441 1.29581612542948e-07 0.77123113427348
1e+06 0.318181818181818 0.000343324857631407 0.000354400894017349 1.82277330588544e-07 0.827051662301754
1e+06 0.6 0.000538534837132952 0.000241218272374017 1.29060234819734e-07 0.197975980063665
1e+06 0 0.000334508781138309 0.00043130723693255 2.0356773965549e-07 1.30254958577658
1e+06 0.56 0.000249921717144022 0.000100062813328762 1.42171833538782e-08 0.169539525104264
1e+06 0.484848484848485 0.000279277216766485 0.000169886661025199 3.697686788247e-08 0.453593952555027
1e+06 0.121212121212121 0.000323762935634658 0.000225677296911608 5.27588336242959e-08 0.527604675131654
1e+06 0.794871794871795 0.000281568822075548 0.0001231007876438 1.95896223981516e-08 0.219908102018429
1e+06 0 0.000343491087402609 0.000494606061730758 2.88193338866886e-07 1.69051844763755
1e+06 0 0.000315485794496899 0.000432504424681835 2.25476078640366e-07 1.51377254820631
1e+06 0.117647058823529 0.000284199042261256 0.000280080270848401 1.07434968787306e-07 0.75121528156245
1e+06 0.206896551724138 0.000305713604338716 0.000223330594402 5.76815185496977e-08 0.541416030344871
1e+06 0 0.000419511525062112 0.000478006918775595 2.49629530250162e-07 1.28602808579919
1e+06 0 0.000337093625019285 0.000468893848935843 2.51519960913417e-07 1.65524600071952
1e+06 0.222222222222222 0.000191500385349625 0.000137117607854612 2.27181595090643e-08 0.279833050689723
1e+06 0 0.000352790336894379 0.000495150389466387 2.81342587631571e-07 1.74562492138286
1e+06 0 0.00032186180773014 0.000441477659967162 2.33787674558255e-07 1.50401830069603
1e+06 0.027027027027027 0.000389628852006405 0.00030529457354119 9.87049387610126e-08 0.660294333030519
1e+06 0.021505376344086 0.000239228435794524 0.000593029801103711 4.9807286624772e-07 0.488080010915264
1e+06 0 0.000337965466934238 0.000449834996934396 2.31397642128575e-07 1.5026459869693
1e+06 0.826086956521739 0.000261598339989978 8.86494558325701e-05 1.08290832099792e-08 0.152455237264901
1e+06 0 0.000333056585628303 0.000464453384668437 2.46598014894054e-07 1.68008655746465
1e+06 0.046875 0.00016636872198717 0.000390411011262625 1.82939567463877e-07 0.500973670865665
1e+06 0 0.000475562921082234 0.000582835010067278 3.75848686802552e-07 1.74621202722409
1e+06 0 0.000369023730036458 0.000494399572936956 2.78081305568166e-07 1.65142200222078
1e+06 0 0.000332034838291709 0.000416735256225758 2.06307912563161e-07 1.19236661250872
1e+06 0.484848484848485 0.000182879682164301 0.000127161078400485 1.99418195129974e-08 0.280647082940271
1e+06 0.0198019801980198 0.000182175506519433 0.000835267547680935 9.71151067248359e-07 0.635494727702601
1e+06 0 0.000352822790853077 0.00044010262520487 2.26663763090792e-07 1.3227063589581
1e+06 0.738095238095238 0.000228562832041752 9.44256758951913e-05 1.51472738359488e-08 0.148758438569451
1e+06 0.710526315789474 0.000261598339989978 0.000110378796643005 2.43885077434649e-08 0.195979029943535
1e+06 0.612903225806452 0.000249017363978794 0.000200290638663174 7.50579543749914e-08 0.359827584690706
1e+06 0 0.000345104850263035 0.000475453571818044 2.56988892227168e-07 1.59074800676846
1e+06 0 0.000475931968169085 0.000525365805746718 2.86990956587622e-07 1.34118012369934
1e+06 0 0.000273873491893706 0.000315971487570546 1.17727958566726e-07 0.960117720451475
1e+06 0 0.000336510604025501 0.000470514147304846 2.68505850620431e-07 1.598779824132
1e+06 0.7 0.000196586673980384 0.000146520803593198 4.46322767212419e-08 0.349279883783914
1e+06 0.315789473684211 0.000247731736951727 0.000152205812268178 2.96103789579531e-08 0.28582917719815
1e+06 0.979166666666667 0.000298808256813441 5.35757812500797e-05 4.59611212929406e-09 0.103158192924749
1e+06 0 0.000374460089564124 0.000505520538242337 2.92327695625679e-07 1.68639011396717
1e+06 0 0.000362154443754375 0.000467065430933246 2.36257838286196e-07 1.47699767761183
1e+06 0.548387096774194 0.000189979219887394 0.000105688871463196 1.66395167589321e-08 0.2203952009247
1e+06 0.241379310344828 0.000348457881346629 0.000296635130932852 1.17003361205004e-07 0.605986911998284
1e+06 0 0.000441687022504216 0.000474735279178756 2.42898075624411e-07 1.1522978759649
1e+06 0 0.000310455179744988 0.000400032105775269 2.0074205934644e-07 1.31182901706207
1e+06 0.15 0.000288839101925804 0.000272423415841384 1.0099044645265e-07 0.684037480759011
1e+06 0 0.000332662304385016 0.000429841702502807 2.01872575836984e-07 1.3575163658222
1e+06 0.634146341463415 0.000269674274285173 7.80892873551663e-05 8.6088448235515e-09 0.172534954491833
1e+06 0.8125 0.00027613336346932 0.000125194032520342 2.13387043741472e-08 0.245688623487087
1e+06 0.0526315789473684 0.00031658379437917 0.00029969388310882 1.07867528067483e-07 0.797659245911273
1e+06 0.56 0.000220380919407139 0.000211006962155943 8.74847444034334e-08 0.430182464497943
1e+06 0 0.000289571255977307 0.00035237339250897 1.48332344263425e-07 0.99758253845202
1e+06 0 0.00036285942423046 0.000508230755262734 2.9766178652255e-07 1.69446215267725
1e+06 0.380952380952381 0.000276410702799349 0.000174833410120138 4.8955960205417e-08 0.413243213215671
1e+06 0.0309278350515464 0.000255382852171463 0.000691300217578179 6.68841182268065e-07 0.546480173269856
1e+06 0 0.000348436362109602 0.000477759163935387 2.70315501041611e-07 1.62878733913921
1e+06 0.67741935483871 0.000193516788113644 0.000125696219974767 3.06309919567247e-08 0.240211766626407
1e+06 0.35 0.000299529818094322 0.000280937799203466 1.30605731037407e-07 0.656924342511902
1e+06 0 0.000365245897337686 0.00050466518540174 2.88139992245383e-07 1.61192528812335
1e+06 0.0373831775700935 0.000150830830525949 0.000944267114478589 1.23696654605299e-06 0.67107615494697
1e+06 0 0.000468754542092261 0.000536585890779779 3.09607808059649e-07 1.40375894229276
1e+06 0 0.000416272695012147 0.000443681293228626 2.02445636265176e-07 1.10988029252511
1e+06 0 0.000382925180826515 0.000535280531989695 3.30343495991108e-07 1.78292904687382
1e+06 0.902439024390244 0.000305788625917138 7.52245568254211e-05 9.41803562071068e-09 0.137346918515478
1e+06 0 0.000405450744331335 0.000504451617588296 2.71546716159879e-07 1.53128342896464
