1e+06 0 0.0008944841319277 0.00097300339715539 9.47961408853561e-07 1.09862707919161
1e+06 0.156862745098039 0.000976671774595299 0.000863492448885729 8.32613178803693e-07 0.897481418499622
1e+06 0.111111111111111 0.000644561241568485 0.00157618575019279 3.37986096797503e-06 0.665058283719671
1e+06 0 1 1 1 1
1e+06 0 1 1 1 1
1e+06 0 0.00105772700722218 0.0013380176429245 1.83338805799482e-06 1.58429260712318
1e+06 0 1 1 1 1
1e+06 0 1 1 1 1
1e+06 0 1 1 1 1
1e+06 0 0.00101951300286659 0.00139283524334102 1.94821529552285e-06 1.80823889097349
1e+06 0 1 1 1 1
1e+06 0.0666666666666667 0.000769295966371645 0.000548387847849321 3.07964374457297e-07 0.56060679336549
1e+06 0 1 1 1 1
1e+06 0.243243243243243 0.000957082872623148 0.000880641553651177 9.94419426650476e-07 0.54047417826554
1e+06 0 1 1 1 1
1e+06 0 0.000716579623816894 0.000727717340210338 5.87840131916792e-07 0.85512094701916
1e+06 0.104166666666667 0.000918894467216345 0.000774396408561166 6.30808174699838e-07 0.792211552105278
1e+06 0 1 1 1 1
1e+06 0 1 1 1 1
1e+06 0 1 1 1 1
1e+06 0 1 1 1 1
1e+06 0.571428571428571 0.000607542702897225 0.000316500648524343 1.75720290600963e-07 0.254018155126977
1e+06 0 0.00105603238073661 0.00173394937532951 3.0075102495358e-06 3.07364874651739
1e+06 0 1 1 1 1
1e+06 0 1 1 1 1
1e+06 0 0.00108473482556544 0.00177942432136285 3.16655621967139e-06 3.08221748136075
1e+06 0 0.000874777761161108 0.00115055543414009 1.33637888451098e-06 1.55996759015745
1e+06 0 1 1 1 1
1e+06 0 1 1 1 1
1e+06 0 0.000792303983724337 0.00068598150081494 4.76792435197538e-07 0.706296229357215
1e+06 0.353658536585366 0.00103019643807542 0.000575613006681557 3.93041638371301e-07 0.469371553574266
1e+06 0 0.000896436397333633 0.00121008994339907 1.48184887664167e-06 1.6658802753857
1e+06 0 1 1 1 1
1e+06 0 0.000975865984167025 0.00151265940711469 2.29894808070295e-06 2.47233477568907
1e+06 0 1 1 1 1
1e+06 0 1 1 1 1
1e+06 0 1 1 1 1
1e+06 0.506666666666667 0.000977650497507994 0.000667601757041438 6.65188998105949e-07 0.675496601227661
1e+06 0 0.000784276470070684 0.000874594540823395 7.84991130550337e-07 1.05888022215999
1e+06 0.276190476190476 0.00106796910329481 0.000849143333066396 9.48924335343579e-07 0.650397334566606
1e+06 0.353658536585366 0.000838860136340658 0.000587432164110027 4.71857177357966e-07 0.51553659370212
1e+06 0 1 1 1 1
1e+06 0 1 1 1 1
1e+06 0 1 1 1 1
1e+06 0 1 1 1 1
1e+06 0 1 1 1 1
1e+06 0 0.000862064214566201 0.000971231509074709 9.6338081722062e-07 1.14183781512602
1e+06 0 0.00100894840657395 0.00131081956328863 1.72932847846672e-06 1.61726585350202
1e+06 0 1 1 1 1
1e+06 0 0.000828962119088959 0.000767169562291644 5.89782970967876e-07 0.818025269070061
1e+06 0 1 1 1 1
1e+06 0 0.000836293202206704 0.00100493545408921 1.03034831042928e-06 1.25996703925919
1e+06 0 0.000938505896559838 0.00111586939030922 1.24620742171512e-06 1.31953361098966
1e+06 0.104166666666667 0.000970505683103015 0.000915402628147548 9.24431429690514e-07 0.970406614253661
1e+06 0 1 1 1 1
1e+06 0.198412698412698 0.000693133923872559 0.00135038129696582 2.85245602169706e-06 0.530007144816967
1e+06 0 1 1 1 1
1e+06 0 1 1 1 1
1e+06 0 1 1 1 1
1e+06 0 1 1 1 1
1e+06 0.493150684931507 0.000964883896301003 0.000617711774923741 5.66828410471775e-07 0.632192441825313
1e+06 0.118518518518519 0.000743815439914352 0.0012150092176338 2.03492435133296e-06 0.531076144105978
1e+06 0.5 0.000849575363062127 0.000814109170267862 1.37192131690498e-06 0.296128726669491
1e+06 0 0.000943950909006178 0.0009972737310177 1.02965858243517e-06 1.09725083133705
1e+06 0 1 1 1 1
1e+06 0 1 1 1 1
1e+06 0 1 1 1 1
1e+06 0 1 1 1 1
1e+06 0.511111111111111 0.000701716789251328 0.00123152766286036 3.18049216633168e-06 0.357540806890647
1e+06 0 1 1 1 1
1e+06 0 1 1 1 1
1e+06 0 1 1 1 1
1e+06 0 1 1 1 1
1e+06 0.120481927710843 0.000567411543755158 0.000797453402838929 7.76607420104631e-07 0.523530051372229
1e+06 0.698412698412698 0.000728354580725636 0.00024230143013147 1.04187124280449e-07 0.280800198610465
1e+06 0 1 1 1 1
1e+06 0 1 1 1 1
1e+06 0 1 1 1 1
1e+06 0 1 1 1 1
1e+06 0 1 1 1 1
1e+06 0 1 1 1 1
1e+06 0 0.00103296366528149 0.00163141989894335 2.66325820680891e-06 2.68048126037316
1e+06 0 0.00083230289083965 0.000869779583700611 7.59073768664219e-07 0.984160533847268
1e+06 0 1 1 1 1
1e+06 0 0.000663580163198424 0.000667241170243882 5.23482981915442e-07 0.811609261910633
1e+06 0 1 1 1 1
1e+06 0.823529411764706 0.000604668301963395 0.000168378094647074 3.81307369947212e-08 0.139300065652957
1e+06 0 0.00082126701197896 0.00104158112677415 1.11082906793563e-06 1.39574124520177
1e+06 0 1 1 1 1
1e+06 0 1 1 1 1
1e+06 0 0.00101872256464725 0.00165334927136616 2.73769859838432e-06 2.92600582904009
1e+06 0 1 1 1 1
1e+06 0 1 1 1 1
1e+06 0 1 1 1 1
1e+06 0 1 1 1 1
1e+06 0 1 1 1 1
1e+06 0 1 1 1 1
1e+06 0.303571428571429 0.000920866865380401 0.000652819927002882 4.90960980857896e-07 0.662853811939678
1e+06 0 0.00106636266736074 0.00129652976979321 1.74125031902169e-06 1.48461108741957
1e+06 0 0.000842405852359262 0.00083844903121877 7.03637401346456e-07 0.917507141429291
