1e+06 0 1 -2 -2 -2
1e+06 0 1 -2 -2 -2
1e+06 0 0.000905851400069145 0.000941396402635932 9.55984702652593e-07 1.08303173775994
1e+06 0.111111111111111 0.000687725519707289 0.000573621161323371 4.07390274349688e-07 0.583688625424824
1e+06 0 1 -2 -2 -2
1e+06 0 0.00103844588073265 0.00162880961283453 2.65311531462145e-06 2.60976161445034
1e+06 0.194029850746269 0.000706801422478306 0.00200977663139501 7.17931624005456e-06 0.489787797251607
1e+06 0 1 -2 -2 -2
1e+06 0.202380952380952 0.000696976404145259 0.000802728613474103 8.80513425339749e-07 0.457269806762792
1e+06 0 1 -2 -2 -2
1e+06 0 1 -2 -2 -2
1e+06 0 1 -2 -2 -2
1e+06 0.719298245614035 0.000551269006432253 0.000241781763389481 7.19223057746334e-08 0.155673739178652
1e+06 0 1 -2 -2 -2
1e+06 0.94 0.00065897236632809 0.000112552494824222 1.50375393650155e-08 0.118945637668137
1e+06 0 1 -2 -2 -2
1e+06 0 1 -2 -2 -2
1e+06 0 1 -2 -2 -2
1e+06 0 1 -2 -2 -2
1e+06 0 1 -2 -2 -2
1e+06 0 1 -2 -2 -2
1e+06 0 1 -2 -2 -2
1e+06 0 1 -2 -2 -2
1e+06 0 1 -2 -2 -2
1e+06 0 0.00099846935607492 0.00160901932682013 2.59600304559657e-06 2.84714600278064
1e+06 0 0.000933274973363823 0.00138759350913435 1.93809200141026e-06 2.15418814480605
1e+06 0.379310344827586 0.00102218612208643 0.000770958751669204 8.59195895661794e-07 0.84357396713604
1e+06 0.0256410256410256 0.000789103987241072 0.000578289569909744 3.35073996870229e-07 0.581621887300772
1e+06 0 1 -2 -2 -2
1e+06 0 1 -2 -2 -2
1e+06 0 1 -2 -2 -2
1e+06 0 1 -2 -2 -2
1e+06 0.12621359223301 0.000781869737486144 0.00152575961924874 3.36052921830122e-06 0.647933104237833
1e+06 0 1 -2 -2 -2
1e+06 0 0.00104797889549799 0.00155781030649385 2.43114763020427e-06 2.24198438160071
1e+06 0 1 -2 -2 -2
1e+06 0 1 -2 -2 -2
1e+06 0 1 -2 -2 -2
1e+06 1 0.000573284543816418 0.000111917173835905 2.83253053844812e-08 0.0726401145953359
1e+06 0 1 -2 -2 -2
1e+06 0 1 -2 -2 -2
1e+06 0 1 -2 -2 -2
1e+06 0 1 -2 -2 -2
1e+06 0 1 -2 -2 -2
1e+06 0 1 -2 -2 -2
1e+06 0 0.000936948959207996 0.00146294720110823 2.16251786101894e-06 2.52538012530182
1e+06 0 1 -2 -2 -2
1e+06 0 0.000903314291588936 0.00101167252844618 1.02544300596847e-06 1.18144184931931
1e+06 0 1 -2 -2 -2
1e+06 0.590163934426229 0.000820312563643691 0.000481360095658403 3.47818716001621e-07 0.520462240895268
1e+06 0 1 -2 -2 -2
1e+06 0.131313131313131 0.000692599078251669 0.00124995167271606 2.17170162054148e-06 0.576503316598766
1e+06 0 0.00082337019547073 0.00100700030333953 1.03037944858397e-06 1.27938451001365
1e+06 0.39622641509434 0.000889854516451447 0.00055409222025795 4.23069107794218e-07 0.615733145701438
1e+06 0 1 -2 -2 -2
1e+06 0 1 -2 -2 -2
1e+06 0 1 -2 -2 -2
1e+06 0 0.00103727601440942 0.00171012325731427 2.92588445184114e-06 3.11907959812381
1e+06 0 1 -2 -2 -2
1e+06 0 1 -2 -2 -2
1e+06 0 1 -2 -2 -2
1e+06 0 1 -2 -2 -2
1e+06 0 1 -2 -2 -2
1e+06 0.24 0.00107708856439076 0.000993721621416319 1.23137605831178e-06 1.08184705198902
1e+06 0 1 -2 -2 -2
1e+06 0 1 -2 -2 -2
1e+06 0 1 -2 -2 -2
1e+06 0 1 -2 -2 -2
1e+06 0.333333333333333 0.000484664187763032 0.000444939531804257 3.46029756534247e-07 0.557290662719878
1e+06 0 1 -2 -2 -2
1e+06 0 1 -2 -2 -2
1e+06 0 0.00090523991250984 0.00116893818708887 1.36874169369023e-06 1.51560183077453
1e+06 0 1 -2 -2 -2
1e+06 0 1 -2 -2 -2
1e+06 0 0.000963214758705181 0.00129820028656498 1.68582854064795e-06 1.72236583078879
1e+06 0 1 -2 -2 -2
1e+06 0 1 -2 -2 -2
1e+06 0.296875 0.000807075944429959 0.000646224989730663 6.34292727157036e-07 0.672159007408862
1e+06 0 1 -2 -2 -2
1e+06 0 1 -2 -2 -2
1e+06 0 0.000805868692664245 0.000943397388043518 9.14775692743087e-07 1.16492268573257
1e+06 0 1 -2 -2 -2
1e+06 0.348837209302326 0.000718118478110692 0.000623707926038905 6.59341429389892e-07 0.23405433730462
1e+06 0 0.00107795113663258 0.00182944283721683 3.34695497881673e-06 3.53406945341223
1e+06 0 0.000993701291597368 0.00116203892140624 1.38306831594857e-06 1.35512459488628
1e+06 0 1 -2 -2 -2
1e+06 0 1 -2 -2 -2
1e+06 0 1 -2 -2 -2
1e+06 0.514285714285714 0.000871694738931267 0.00044983530730121 2.69907491472709e-07 0.404537968561598
1e+06 0 0.00102208546048769 0.00156110721800035 2.43737558972264e-06 2.39717808001535
1e+06 0 1 -2 -2 -2
1e+06 0 1 -2 -2 -2
1e+06 0 1 -2 -2 -2
1e+06 0 1 -2 -2 -2
1e+06 0 1 -2 -2 -2
1e+06 0.608695652173913 0.000528976125504193 0.000197912948423833 4.82797912852452e-08 0.215044532298416
1e+06 0 1 -2 -2 -2
1e+06 0.297029702970297 0.00106295046048802 0.00100552837479262 1.49063243452673e-06 0.561925637245556
1e+06 0 0.000773875975277425 0.000607592218801748 3.69885223250328e-07 0.638626672215377
1e+06 0 0.000955406221634034 0.0013416091592414 1.80175839075154e-06 1.86874286683177
1e+06 0.171052631578947 0.000477980071449455 0.000772153295067235 8.0705915213419e-07 0.371019572534611
1e+06 0 1 -2 -2 -2
1e+06 0 1 -2 -2 -2
1e+06 0.101123595505618 0.000549975085733437 0.00134748971176827 2.29358779809433e-06 0.73160162603108
1e+06 0 1 -2 -2 -2
1e+06 0.19047619047619 0.000612418264808376 0.000553814949613286 4.09416724517394e-07 0.626979197975605
1e+06 0 1 -2 -2 -2
1e+06 0 1 -2 -2 -2
1e+06 0 1 -2 -2 -2
1e+06 0 1 -2 -2 -2
1e+06 0 1 -2 -2 -2
1e+06 0 1 -2 -2 -2
1e+06 0 1 -2 -2 -2
1e+06 0 1 -2 -2 -2
1e+06 0.8125 0.000529586040897823 0.000193759108610203 8.09001521249883e-08 0.150828369786222
1e+06 0 0.000858095859320066 0.00101787454048876 1.03992033051645e-06 1.24942073325503
1e+06 0 1 -2 -2 -2
1e+06 0.916666666666667 0.000583674529542592 9.30737011486212e-05 1.38739351763178e-08 0.109129978203912
1e+06 0 1 -2 -2 -2
1e+06 0 1 -2 -2 -2
1e+06 0 1 -2 -2 -2
1e+06 0.224299065420561 0.00103186700919701 0.00126655262722658 2.30569393494589e-06 0.678297655747202
1e+06 0 1 -2 -2 -2
1e+06 0.318181818181818 0.00077962821856687 0.00046687941444217 2.2202484143963e-07 0.468327556935141
1e+06 0.159090909090909 0.000976106914842451 0.00210214287117305 7.03151447502672e-06 0.72859325692786
1e+06 0.382352941176471 0.000719710719134785 0.000475570547689374 2.96129581826117e-07 0.405565482142592
1e+06 0 1 -2 -2 -2
1e+06 0.441860465116279 0.000689113577789 0.00176604483433963 6.63983276823287e-06 0.37549906444446
1e+06 0 1 -2 -2 -2
1e+06 0 1 -2 -2 -2
1e+06 0.307692307692308 0.00035012080590379 0.000370029755642467 1.57606960405786e-07 0.411258907426939
1e+06 0 1 -2 -2 -2
1e+06 0 0.00107676847183126 0.00182691829634876 3.33775480372601e-06 3.5291089721712
1e+06 0.2 0.000672926978832812 0.000785877158171812 8.28117488547191e-07 0.464305955660372
1e+06 0 0.000781962029636819 0.000682138507455136 4.68953065181424e-07 0.724819497983133
1e+06 0 1 -2 -2 -2
1e+06 0 1 -2 -2 -2
1e+06 0.193798449612403 0.000964239199402808 0.00171587483368557 4.74062500308838e-06 0.61222138002202
1e+06 0.482142857142857 0.000869533492225797 0.000522622087993263 4.28168113631027e-07 0.602004428526137
1e+06 0 1 -2 -2 -2
1e+06 0.27027027027027 0.000659360393599408 0.000574389372924834 4.35551056742569e-07 0.363335460739299
1e+06 0 0.000922241031176603 0.00101016173455852 1.03301472084924e-06 1.16128694019614
1e+06 0.134453781512605 0.000658920880150745 0.0016783560852022 4.52824552570401e-06 0.468994285666544
1e+06 0 1 -2 -2 -2
1e+06 0 1 -2 -2 -2
1e+06 1 0.000593609021781568 0.000177935301006029 5.55020634618963e-08 0.127149955513339
1e+06 0 1 -2 -2 -2
1e+06 0 1 -2 -2 -2
1e+06 0 0.000878677126906598 0.00102794747408256 1.05763964866319e-06 1.23252238314916
1e+06 0 1 -2 -2 -2
1e+06 0 0.000983707811510926 0.00155403149204396 2.42521270086639e-06 2.63158158209412
1e+06 0 1 -2 -2 -2
1e+06 0 1 -2 -2 -2
1e+06 0 1 -2 -2 -2
1e+06 0 1 -2 -2 -2
1e+06 0 1 -2 -2 -2
1e+06 0 0.000877281672718354 0.00119988409008987 1.46056400992132e-06 1.70382854484273
1e+06 0 1 -2 -2 -2
1e+06 0 1 -2 -2 -2
1e+06 0 1 -2 -2 -2
1e+06 0 1 -2 -2 -2
1e+06 0.841269841269841 0.000700805172504011 0.00022944126505603 7.03254464093589e-08 0.181058456336982
1e+06 0 1 -2 -2 -2
1e+06 0 0.00106696306014728 0.00175750854393691 3.08883804864047e-06 3.12322094567476
1e+06 0 1 -2 -2 -2
1e+06 0 0.000887445390802281 0.00129361068772109 1.71919005240189e-06 2.02921778054053
1e+06 0.434782608695652 0.000789707899785614 0.000463813739646441 2.31926498326081e-07 0.484180023198638
1e+06 0.666666666666667 0.00076428063647352 0.000339805871623602 1.58863869899772e-07 0.334480870743063
1e+06 0.246268656716418 0.000551353581468984 0.00240331938620431 1.08892640159778e-05 0.541933038132324
1e+06 0 1 -2 -2 -2
1e+06 0 1 -2 -2 -2
1e+06 0 0.000838430054765155 0.00116411957900849 1.40858002675813e-06 1.73529584158689
1e+06 0.5 0.000752732161455401 0.000378629654646741 2.14055352765272e-07 0.235400664377655
1e+06 0 0.000992988847853604 0.00151738951486579 2.30486395161178e-06 2.37225698906977
1e+06 0 1 -2 -2 -2
1e+06 0.448275862068966 0.000529092620451392 0.000318845511466126 1.68410125219886e-07 0.300082439013491
1e+06 0.413793103448276 0.000607174733579207 0.00039335290281818 2.4875802682485e-07 0.348132576942717
1e+06 0.918918918918919 0.00058805398736765 0.000229542065645347 7.29368862493887e-08 0.197385903943879
1e+06 0 0.00102208081681885 0.00163580561460749 2.67887104271192e-06 2.77862820823734
1e+06 0 1 -2 -2 -2
1e+06 0 1 -2 -2 -2
1e+06 0 1 -2 -2 -2
1e+06 0 0.00104171005225502 0.00173639258032471 3.01590948458592e-06 3.25872159467734
1e+06 0.770491803278688 0.000709520070299162 0.000235890624001429 7.44322073584814e-08 0.217255565572279
1e+06 0 1 -2 -2 -2
1e+06 0.0970149253731343 0.000583451877382626 0.00215741214837478 7.41442306424148e-06 0.58036180536208
1e+06 0 0.000527888174289375 0.00209172441793051 6.92107864761706e-06 0.564631931940434
1e+06 0 1 -2 -2 -2
1e+06 0.0597014925373134 0.0006113880521217 0.00206084725113716 7.96882384696869e-06 0.484907254154692
1e+06 0 1 -2 -2 -2
1e+06 0 1 -2 -2 -2
1e+06 0 1 -2 -2 -2
1e+06 0.586206896551724 0.00081497662397995 0.000379867662145598 2.20606097540991e-07 0.425226417116515
1e+06 0 1 -2 -2 -2
1e+06 0 1 -2 -2 -2
1e+06 0 1 -2 -2 -2
1e+06 0 0.00108998267306557 0.0018550249543608 3.44112298811061e-06 3.58391361603784
1e+06 0 1 -2 -2 -2
1e+06 0 0.000975775676934683 0.00150100981590518 2.26400004312291e-06 2.43390500220711
1e+06 0 0.000990102285785006 0.00135123437275316 1.82842556678462e-06 1.78496261668987
1e+06 0 0.00100500477058272 0.00155740591225121 2.42866046536961e-06 2.48503342697866
1e+06 0 1 -2 -2 -2
1e+06 0.708333333333333 0.000700196261901285 0.000242051263635859 6.33781849449432e-08 0.249197550396353
1e+06 0 1 -2 -2 -2
1e+06 0 1 -2 -2 -2
1e+06 0 1 -2 -2 -2
1e+06 0 1 -2 -2 -2
1e+06 0.424657534246575 0.000921789054271371 0.000513933342151451 3.39785255554603e-07 0.432544811171248
1e+06 0 1 -2 -2 -2
1e+06 0.209302325581395 0.000878785467965955 0.000745045833849266 6.16351223395449e-07 0.81939444412095
1e+06 0.620689655172414 0.000559171894435784 0.000311527147776464 1.74002540481367e-07 0.268103166355827
1e+06 0 1 -2 -2 -2
1e+06 0 0.00101998049172021 0.00145008227089593 2.10407236541187e-06 2.00424523220169
1e+06 0.134920634920635 0.000701917564776067 0.00208714746299798 6.74129566861176e-06 0.695695279199429
1e+06 0 0.00110443388233975 0.00181165946795015 3.28421091416112e-06 3.09497078976358
1e+06 0 1 -2 -2 -2
1e+06 0 0.000839317435596606 0.000714036600729417 5.13686232119467e-07 0.754917837534482
1e+06 0 0.0010007324260028 0.0015728533627847 2.47760969253707e-06 2.60899113435233
1e+06 0 1 -2 -2 -2
1e+06 0 1 -2 -2 -2
1e+06 0 1 -2 -2 -2
1e+06 0 1 -2 -2 -2
1e+06 0 0.00104456558320834 0.00175798057886094 3.09126089647529e-06 3.39497986201728
1e+06 0.143939393939394 0.000745611275440285 0.00222694057145559 7.79663340214456e-06 0.709398822075743
1e+06 0 1 -2 -2 -2
1e+06 0 1 -2 -2 -2
1e+06 0 1 -2 -2 -2
1e+06 0 1 -2 -2 -2
1e+06 0 1 -2 -2 -2
1e+06 0 0.000853192343959412 0.00115272840433963 1.35185129794689e-06 1.63349457878536
1e+06 0 1 -2 -2 -2
1e+06 0 0.00109160294784068 0.00154817003459475 2.42674954748609e-06 2.05032988239211
1e+06 0 1 -2 -2 -2
1e+06 0.329113924050633 0.000981082538266564 0.00077139109081897 7.98502084976122e-07 0.657226119666157
1e+06 0 1 -2 -2 -2
1e+06 0 1 -2 -2 -2
1e+06 0 1 -2 -2 -2
1e+06 0 1 -2 -2 -2
1e+06 0.208333333333333 0.00101914329115066 0.000872822638799898 8.67529877205811e-07 0.917650352110004
1e+06 0.160377358490566 0.000827862918481305 0.00136463530084868 2.63317650687669e-06 0.656314987323558
1e+06 0 0.000899654387814253 0.000825425822926522 6.85782534217916e-07 0.870147353511895
1e+06 0 0.000760217385714716 0.00084320207374642 7.50407754240407e-07 1.02268457932122
1e+06 0 1 -2 -2 -2
1e+06 0 1 -2 -2 -2
1e+06 0 1 -2 -2 -2
1e+06 0 1 -2 -2 -2
1e+06 0.246268656716418 0.000823426595161605 0.00191576700216002 7.02941717013439e-06 0.526051596937506
1e+06 0 1 -2 -2 -2
1e+06 0 1 -2 -2 -2
1e+06 0 0.000822430049612947 0.000916353260256257 8.40676484666296e-07 1.08947647234139
1e+06 0.547169811320755 0.000800576665661082 0.000444576457231975 3.50803930931302e-07 0.548997046824814
1e+06 0.222222222222222 0.000543080355406364 0.000607320699074796 4.98068416390169e-07 0.326954960684977
1e+06 0.363636363636364 0.000786401822801039 0.000497972346716095 2.59444548228928e-07 0.517801077981108
1e+06 0 1 -2 -2 -2
1e+06 0 1 -2 -2 -2
1e+06 0 1 -2 -2 -2
1e+06 0 1 -2 -2 -2
1e+06 0 0.00076786844228927 0.000841359807264074 7.34597266511393e-07 1.0125905445589
1e+06 0.291666666666667 0.000921098360357531 0.000736121687441067 6.64979552737212e-07 0.813532699754471
1e+06 0 1 -2 -2 -2
1e+06 0 0.00109989308731695 0.00154784637109711 2.4344135531127e-06 2.02607219284524
1e+06 1 0.000632515554108035 0.000215434268640599 6.31296495943722e-08 0.131487402405566
1e+06 0.304347826086957 0.000903956934905581 0.000766450977899887 7.27450758595877e-07 0.868822704658579
1e+06 0 0.000920594186225487 0.00137748768057526 1.91514887908286e-06 2.18081352693448
1e+06 0 1 -2 -2 -2
1e+06 0 1 -2 -2 -2
1e+06 0 1 -2 -2 -2
1e+06 0 0.000690024597601909 0.000609992421051267 4.14886446631715e-07 0.655357650558163
1e+06 0 0.000742888372311714 0.00059192686982491 3.56145037160458e-07 0.649407998303706
1e+06 0 1 -2 -2 -2
1e+06 0 0.000786337699672295 0.000858742679376258 7.61700829634013e-07 1.01912916539041
1e+06 0 1 -2 -2 -2
1e+06 0 1 -2 -2 -2
1e+06 0 1 -2 -2 -2
1e+06 0 1 -2 -2 -2
1e+06 0 0.000980247437221687 0.00154533196073322 2.39629746939945e-06 2.61842898323732
1e+06 0.163636363636364 0.000928972299332619 0.00147839209001669 3.17638899852743e-06 0.703008514994759
1e+06 0 1 -2 -2 -2
1e+06 1 0.000531344159738612 0.000131481057162589 2.07922588201593e-08 0.117126300053113
1e+06 0 1 -2 -2 -2
1e+06 0 0.00110654373808832 0.00187449219423689 3.51398006998169e-06 3.52213512965482
1e+06 0 0.00104786694424467 0.00148628708461806 2.22752616185907e-06 1.98988929012158
1e+06 0 0.000808133724436027 0.000673605971008941 4.55063649145212e-07 0.697061176033002
1e+06 0 1 -2 -2 -2
1e+06 0 1 -2 -2 -2
1e+06 0.164179104477612 0.000953358274884461 0.00210151219736653 7.51232166306067e-06 0.696477212601373
1e+06 0 0.000770385465680241 0.000813397262071337 6.80993555777892e-07 0.952107415504121
1e+06 0 1 -2 -2 -2
1e+06 0 1 -2 -2 -2
1e+06 0.111940298507463 0.000593194864243885 0.00248099945525867 9.46556635541569e-06 0.781809818522951
1e+06 0 1 -2 -2 -2
1e+06 0.194029850746269 0.0010608194767107 0.0018834889935838 5.78348265154759e-06 0.681180333836735
1e+06 0 1 -2 -2 -2
1e+06 0.311688311688312 0.00103426689033778 0.000805036877631868 8.90092346591013e-07 0.729454536393988
1e+06 1 0.000523657509686457 0.000130504188417353 3.52000999491472e-08 0.104675976937713
1e+06 0 1 -2 -2 -2
1e+06 0.644444444444444 0.000955633631244646 0.000623663623673428 8.18219795170619e-07 0.224055365847764
1e+06 0.209302325581395 0.000614782177209342 0.000766236459035846 8.62471826521863e-07 0.321872196892453
1e+06 0 0.00101159034233196 0.00138152752997833 1.91656394422372e-06 1.80839339303508
1e+06 0.839285714285714 0.000555394749966379 0.000209140857493257 5.37222153156245e-08 0.146186823928235
1e+06 0 1 -2 -2 -2
1e+06 0.179487179487179 0.000587940727305604 0.000740738957602296 7.31635228627618e-07 0.407285913192082
1e+06 0 1 -2 -2 -2
1e+06 0 0.000910707219876826 0.0013391002364915 1.81228566428459e-06 2.07236683707566
1e+06 0 1 -2 -2 -2
1e+06 0 0.000936414751107526 0.00126176778262916 1.59481900326188e-06 1.69189602266495
1e+06 0 1 -2 -2 -2
1e+06 0 1 -2 -2 -2
1e+06 0 1 -2 -2 -2
1e+06 0 0.00102809030944617 0.00162034348703542 2.62657570096186e-06 2.6433498853009
1e+06 0 1 -2 -2 -2
1e+06 0 1 -2 -2 -2
1e+06 0.227272727272727 0.000896499188730306 0.000755296237568762 6.43376847671322e-07 0.829172169073943
1e+06 0 1 -2 -2 -2
1e+06 0 1 -2 -2 -2
1e+06 0 1 -2 -2 -2
1e+06 0 1 -2 -2 -2
1e+06 0.195121951219512 0.000794108977719178 0.000602973336758943 3.8205155265447e-07 0.651617213539584
1e+06 0 0.000801644385732508 0.000712313289836217 5.08034399367437e-07 0.762905255227381
1e+06 0.190909090909091 0.000664762704442463 0.00137056682638724 3.05998723530351e-06 0.401416109926649
1e+06 0 1 -2 -2 -2
1e+06 0 1 -2 -2 -2
1e+06 0 0.00108580756445857 0.00181437257802759 3.2919693253177e-06 3.3143913363446
1e+06 0 1 -2 -2 -2
1e+06 0 1 -2 -2 -2
1e+06 0 1 -2 -2 -2
1e+06 0 1 -2 -2 -2
1e+06 0 0.00106591364331277 0.00159123125071095 2.54494873980538e-06 2.26403684984421
1e+06 0 1 -2 -2 -2
1e+06 0 1 -2 -2 -2
1e+06 0 0.000723890457466916 0.000643962119049834 4.30217192412857e-07 0.700995771368288
1e+06 0 1 -2 -2 -2
1e+06 0 1 -2 -2 -2
1e+06 0 1 -2 -2 -2
1e+06 0 1 -2 -2 -2
1e+06 0 0.000950375611358819 0.00129618705806446 1.68073119706095e-06 1.74743018760166
1e+06 0.0760869565217391 0.000383338184141124 0.00157613397037831 3.24431213306532e-06 0.708548397592055
1e+06 0.178571428571429 0.000622793514611431 0.000455945308143567 2.60957216907498e-07 0.456681109259541
1e+06 0.4375 0.00085559832639455 0.000612812854207799 5.35780768571083e-07 0.726687087416172
1e+06 0 1 -2 -2 -2
1e+06 0 1 -2 -2 -2
1e+06 0 1 -2 -2 -2
1e+06 0.1 0.000858344608594807 0.00074065895266891 5.77000891477257e-07 0.808052463993181
1e+06 0 1 -2 -2 -2
1e+06 0 1 -2 -2 -2
1e+06 0.28 0.000865891443314792 0.000714967334142657 6.60567685800765e-07 0.594799614355459
1e+06 0 1 -2 -2 -2
1e+06 0 1 -2 -2 -2
1e+06 0.128205128205128 0.000704958568356563 0.000413853164967052 1.76191111079825e-07 0.395679498412656
1e+06 0 1 -2 -2 -2
1e+06 0 0.000981505982166212 0.00154876029270393 2.40512347921063e-06 2.6260364783165
1e+06 0.333333333333333 0.000927552411525972 0.000665070833422105 5.62345428240165e-07 0.724750316908232
1e+06 0 1 -2 -2 -2
1e+06 0 1 -2 -2 -2
1e+06 0 1 -2 -2 -2
1e+06 0 1 -2 -2 -2
1e+06 0 0.00096960082594219 0.00141930032362948 2.01701799599795e-06 2.08924465267485
1e+06 0 1 -2 -2 -2
1e+06 0 1 -2 -2 -2
1e+06 0.363636363636364 0.000573944050360742 0.000453215131754733 3.36920913083125e-07 0.471223926194635
1e+06 0 1 -2 -2 -2
1e+06 0 1 -2 -2 -2
1e+06 0 0.000857512590108984 0.00105554633452037 1.13025596723274e-06 1.34138610721003
1e+06 0 1 -2 -2 -2
1e+06 0 1 -2 -2 -2
1e+06 0 1 -2 -2 -2
1e+06 0 1 -2 -2 -2
1e+06 0.118181818181818 0.000479699250829693 0.00170345200967948 4.38173051206996e-06 0.542958602708231
1e+06 0 1 -2 -2 -2
1e+06 0 1 -2 -2 -2
1e+06 0 0.000938601292886902 0.0013233979303839 1.75435873691786e-06 1.87410787954451
1e+06 0 0.000916018227364979 0.00119907148984697 1.43882658437842e-06 1.56079305691876
1e+06 0.121951219512195 0.000876635094853194 0.000745846218452333 5.81841004873551e-07 0.799164371030699
1e+06 0 1 -2 -2 -2
1e+06 0.530612244897959 0.000770135486992902 0.000329050165750143 1.13308168591336e-07 0.31688321596162
1e+06 0 1 -2 -2 -2
1e+06 0 0.00085159364688358 0.000788136895844695 6.27682313112166e-07 0.860012225446135
1e+06 0 1 -2 -2 -2
1e+06 0 0.000812580073941451 0.00100287889184128 1.03369766271041e-06 1.30670226596884
1e+06 0.36 0.00094516773765101 0.000746903039416458 8.25042630450688e-07 0.883889086059936
1e+06 0 1 -2 -2 -2
1e+06 0.101851851851852 0.000608539917025889 0.00167485706831567 3.92758100540349e-06 0.68225732055076
1e+06 0 1 -2 -2 -2
1e+06 0 0.000765313368672675 0.000582998301926944 3.40319877653247e-07 0.604402193931951
1e+06 0 1 -2 -2 -2
1e+06 0 1 -2 -2 -2
1e+06 0 1 -2 -2 -2
1e+06 0.208333333333333 0.000986546387918016 0.0010859267397516 1.61112031048348e-06 0.695125435353774
1e+06 0 0.00101495938025007 0.00157937479471566 2.49515704843547e-06 2.52643194668088
1e+06 0.223880597014925 0.00077333281773296 0.00194664370174102 7.35501403715504e-06 0.460103798005483
1e+06 0 0.000818395027883811 0.000858598237301257 7.4206289010439e-07 0.982022362425633
1e+06 0 1 -2 -2 -2
1e+06 0 1 -2 -2 -2
1e+06 0 1 -2 -2 -2
1e+06 0 1 -2 -2 -2
1e+06 0 0.000802933381439894 0.000990675432366729 1.02143099478249e-06 1.30390730266896
1e+06 0 0.001014580852775 0.00145136980444979 2.10839956540523e-06 2.01026425814485
1e+06 0.191489361702128 0.000800719917161944 0.0010648583068704 1.57478746981186e-06 0.568160434867477
1e+06 0 0.000779322723923888 0.000694472244122822 4.86911340299788e-07 0.745956967971747
1e+06 0 1 -2 -2 -2
1e+06 0 1 -2 -2 -2
1e+06 0 1 -2 -2 -2
1e+06 0 0.000753407249673427 0.000635234738960588 4.05523004123934e-07 0.682592320286408
1e+06 0 1 -2 -2 -2
1e+06 0 1 -2 -2 -2
1e+06 0 1 -2 -2 -2
1e+06 0 0.000950312739958181 0.00129441577465939 1.67615771659788e-06 1.74498341343538
1e+06 0.0555555555555556 0.000679775964872165 0.000447585056673354 2.04938348235879e-07 0.460893040911132
1e+06 0 1 -2 -2 -2
1e+06 0 1 -2 -2 -2
1e+06 0 1 -2 -2 -2
1e+06 0 1 -2 -2 -2
1e+06 0.450980392156863 0.00051708542196466 0.000198117075882381 4.43224228594626e-08 0.175909023564869
1e+06 0 1 -2 -2 -2
1e+06 0.366666666666667 0.00110701675976445 0.000908032287709673 1.18587397367219e-06 0.975355035947138
1e+06 0 1 -2 -2 -2
1e+06 0 1 -2 -2 -2
1e+06 0 1 -2 -2 -2
1e+06 0 0.00103072692975164 0.0015979904507784 2.5536436839868e-06 2.50914878245272
1e+06 0.125 0.000660528199116572 0.00134183625526373 2.43970291890841e-06 0.66129281411405
1e+06 0.509090909090909 0.000850271020792582 0.000460738974572958 3.11103315444208e-07 0.520127401355257
1e+06 0 0.0009234129610055 0.00133917831249535 1.80642360434429e-06 1.99372161968646
1e+06 0 1 -2 -2 -2
1e+06 0 1 -2 -2 -2
1e+06 0.105263157894737 0.00030239268139296 0.000667894409284909 5.3559507291001e-07 0.455156762533723
1e+06 0 1 -2 -2 -2
1e+06 0 1 -2 -2 -2
1e+06 0 0.0010009284060649 0.00161534218315948 2.61329315432114e-06 2.86143300952904
1e+06 0 1 -2 -2 -2
1e+06 0 1 -2 -2 -2
1e+06 0.23134328358209 0.00078861960816221 0.00173537515190251 6.03435395798931e-06 0.380509657829804
1e+06 0 1 -2 -2 -2
1e+06 0 1 -2 -2 -2
1e+06 0 0.000778343739628523 0.000697060057212743 4.90801957611139e-07 0.748459998202946
1e+06 0 1 -2 -2 -2
1e+06 0.428571428571429 0.000550163781075279 0.000456871550594737 3.63545200343882e-07 0.484510776998251
1e+06 0 1 -2 -2 -2
1e+06 0 0.00108171039293738 0.00183745708181513 3.37627579006075e-06 3.54980694864504
1e+06 0 1 -2 -2 -2
1e+06 0.181818181818182 0.000996920498269785 0.000962247490226973 1.11650504359417e-06 1.09604506009445
1e+06 0 1 -2 -2 -2
1e+06 0 0.0010377437025413 0.00169462994997439 2.87309284340755e-06 3.00617680716978
1e+06 0 1 -2 -2 -2
1e+06 0 1 -2 -2 -2
1e+06 0 1 -2 -2 -2
1e+06 0.25531914893617 0.00102926428253404 0.00102911703242553 1.42901869720069e-06 0.688579567979159
1e+06 0 1 -2 -2 -2
1e+06 0 1 -2 -2 -2
1e+06 0.795918367346939 0.000682227964350365 0.000178900061409025 3.54106361757809e-08 0.18474317616058
1e+06 0 1 -2 -2 -2
1e+06 0 1 -2 -2 -2
1e+06 0 0.000998866933662297 0.00117695934972348 1.42371528631722e-06 1.37775652214224
1e+06 0 1 -2 -2 -2
1e+06 0 1 -2 -2 -2
1e+06 0.395348837209302 0.000436735077386635 0.000254277181952401 7.58071239195912e-08 0.269915503175507
1e+06 0 1 -2 -2 -2
1e+06 0 1 -2 -2 -2
1e+06 0 1 -2 -2 -2
1e+06 0 0.00103539218505594 0.00164964848580152 2.72205213956567e-06 2.74347668601723
1e+06 0 1 -2 -2 -2
1e+06 0 1 -2 -2 -2
1e+06 0 1 -2 -2 -2
1e+06 0 0.00102186676042335 0.00157890789149629 2.49328961214362e-06 2.47590092388357
1e+06 0 1 -2 -2 -2
1e+06 0 1 -2 -2 -2
1e+06 0 1 -2 -2 -2
1e+06 0 1 -2 -2 -2
1e+06 0 1 -2 -2 -2
1e+06 0 1 -2 -2 -2
1e+06 0 1 -2 -2 -2
1e+06 0 1 -2 -2 -2
1e+06 0 1 -2 -2 -2
1e+06 0.541666666666667 0.000752009129122264 0.0003951202579015 2.06171688453986e-07 0.453687980329412
1e+06 0 1 -2 -2 -2
1e+06 0 1 -2 -2 -2
1e+06 0 1 -2 -2 -2
1e+06 0.227272727272727 0.000876951191669177 0.000691285810693781 5.24048137339229e-07 0.744020332474005
1e+06 0.581818181818182 0.000793826786728297 0.000323683285768379 1.54381134084367e-07 0.364802846658754
1e+06 0 1 -2 -2 -2
1e+06 0 1 -2 -2 -2
1e+06 0 1 -2 -2 -2
1e+06 0.227272727272727 0.000701972737430038 0.000588983784017083 4.60031821743342e-07 0.530372599582406
1e+06 0.482758620689655 0.000899389880029946 0.000507554460708177 3.70893918333595e-07 0.554032834667062
1e+06 0 1 -2 -2 -2
1e+06 0 1 -2 -2 -2
1e+06 0.885714285714286 0.00078505243260137 0.000206659639454247 8.83880240932802e-08 0.10990381870446
1e+06 0 1 -2 -2 -2
1e+06 0 1 -2 -2 -2
1e+06 0 1 -2 -2 -2
1e+06 0 1 -2 -2 -2
1e+06 0 1 -2 -2 -2
1e+06 0 0.000985153872128242 0.00119316896512508 1.44287591567904e-06 1.42757564289991
1e+06 0 1 -2 -2 -2
1e+06 0.536082474226804 0.000864667300950602 0.000881525352814831 1.53228587446555e-06 0.291658247976438
1e+06 0 0.000940465589998046 0.00115682404642728 1.34041137514983e-06 1.41287546161149
1e+06 0 1 -2 -2 -2
1e+06 0 0.000910904678039209 0.00132442028837857 1.77206677421641e-06 2.00494219791959
1e+06 0 0.00106660951178003 0.00178995106757333 3.20408869252561e-06 3.36077405227784
1e+06 0 1 -2 -2 -2
1e+06 0 1 -2 -2 -2
1e+06 0.141592920353982 0.000713524137697432 0.00169283995204001 4.66844757306436e-06 0.56204258885544
1e+06 0.111940298507463 0.000465627020503416 0.0024512021170622 9.2685224001595e-06 0.607184732521623
1e+06 0 1 -2 -2 -2
1e+06 0 0.000728939808381144 0.000814811615268564 7.24405534424235e-07 1.00846317413316
1e+06 0 1 -2 -2 -2
1e+06 0 1 -2 -2 -2
1e+06 0 1 -2 -2 -2
1e+06 1 0.000512784578471038 9.39649129900934e-05 1.8093699014953e-08 0.0719436488876421
1e+06 0 1 -2 -2 -2
1e+06 0 1 -2 -2 -2
1e+06 0 1 -2 -2 -2
1e+06 0.36 0.000899711092125702 0.000646347005625146 5.3328295753478e-07 0.714354978922696
1e+06 0 1 -2 -2 -2
1e+06 0 1 -2 -2 -2
1e+06 0 1 -2 -2 -2
1e+06 0 1 -2 -2 -2
1e+06 0 1 -2 -2 -2
1e+06 0.0512820512820513 0.000861264032429877 0.000759710580353182 5.99099030636482e-07 0.827634181539956
1e+06 0 1 -2 -2 -2
1e+06 0 1 -2 -2 -2
1e+06 0 0.000963558155459352 0.0014930065897415 2.24027647854767e-06 2.46766549738276
1e+06 0.560975609756098 0.00048445535236622 0.000206178604281816 5.00235140434129e-08 0.214056240404622
1e+06 0.48936170212766 0.000775009144455037 0.000421937642283385 1.96400966139388e-07 0.444189074635995
1e+06 0 0.000980596923503989 0.00135069076514652 1.82516930975565e-06 1.80528076930776
1e+06 0.258064516129032 0.000789660847172694 0.000828618287346385 1.05649661703549e-06 0.39682149961689
1e+06 0 1 -2 -2 -2
1e+06 0 1 -2 -2 -2
1e+06 0.25 0.000853518016199035 0.000662056163711706 4.87419427498779e-07 0.721185081823244
1e+06 0 0.00108349298029879 0.00172714004595851 2.98542037892218e-06 2.77870012536692
1e+06 0 1 -2 -2 -2
1e+06 0 1 -2 -2 -2
1e+06 0.419354838709677 0.00103079533234586 0.000774548155522657 8.93550341367323e-07 0.835428532400565
1e+06 0.0512820512820513 0.000777250983748266 0.000576383892507142 3.34473274603906e-07 0.60213863051345
1e+06 0 0.000986054709902918 0.00117887902271913 1.41140101004008e-06 1.39620550881335
1e+06 0 1 -2 -2 -2
1e+06 0 0.000774517317401466 0.000875781115793844 8.20713079822025e-07 1.07270993935983
1e+06 0 1 -2 -2 -2
1e+06 0.24 0.000920990419226672 0.00108751282877173 1.71186037205667e-06 0.581729904536432
1e+06 0 1 -2 -2 -2
1e+06 0.197368421052632 0.000703125147379221 0.000752126284707442 7.1841156973511e-07 0.519531907826111
1e+06 0 0.000742338541116369 0.000567958719155846 3.26852376936493e-07 0.583106002649039
1e+06 0 1 -2 -2 -2
1e+06 0 0.000963465539582098 0.00146810135297858 2.16161184923836e-06 2.33708391790578
1e+06 0 1 -2 -2 -2
1e+06 0 1 -2 -2 -2
1e+06 0.234042553191489 0.00100881239209168 0.000937958772209512 1.06158657902604e-06 1.03621476186577
1e+06 0 1 -2 -2 -2
1e+06 0 1 -2 -2 -2
1e+06 0 0.000811072901082563 0.000903793947688679 8.28722051531138e-07 1.07338099902084
1e+06 0 1 -2 -2 -2
1e+06 0 1 -2 -2 -2
1e+06 0 1 -2 -2 -2
1e+06 0.612903225806452 0.000801296224225907 0.000400889813607864 2.36014941185954e-07 0.423121353947045
1e+06 0 1 -2 -2 -2
1e+06 0.666666666666667 0.000673563588240859 0.000273194861662131 8.39413538967104e-08 0.296002804407049
1e+06 0 1 -2 -2 -2
1e+06 0 1 -2 -2 -2
1e+06 0 1 -2 -2 -2
1e+06 0 1 -2 -2 -2
1e+06 0 1 -2 -2 -2
1e+06 0 1 -2 -2 -2
1e+06 0 1 -2 -2 -2
1e+06 0 1 -2 -2 -2
1e+06 0 0.00109595010826348 0.00180778216589519 3.26893816847935e-06 3.152846233554
1e+06 0 1 -2 -2 -2
1e+06 0.8 0.000598625489966727 0.000279224257773422 1.05908838833851e-07 0.243702661132248
1e+06 0 1 -2 -2 -2
1e+06 0.110169491525424 0.000692664964672202 0.00197913910608625 5.61272591703147e-06 0.781443024119143
1e+06 0 0.000908188682867144 0.00121335991895511 1.48324988942216e-06 1.63864888708141
1e+06 0 1 -2 -2 -2
1e+06 0 0.00075518264781423 0.00082728035813235 7.29127006304434e-07 0.997601047727528
1e+06 0 0.000854826765746403 0.00122940770806761 1.55068665724395e-06 1.92987686005831
1e+06 0 0.000817876296112706 0.000787141955962414 6.19933691958057e-07 0.875153151529263
1e+06 0.787878787878788 0.00055726020750962 0.000239643031886936 1.04840532778188e-07 0.194564698086984
1e+06 0 1 -2 -2 -2
1e+06 0.345238095238095 0.000945467836094051 0.000703232353583816 6.77624935154696e-07 0.509132109975267
1e+06 0 0.000776076065941628 0.000900890745617756 8.57283235104278e-07 1.13169578597945
1e+06 0 0.00108854808447165 0.00185196132081488 3.42981033970129e-06 3.57772689804744
1e+06 0 1 -2 -2 -2
1e+06 0 0.0011121435476025 0.00178580822807983 3.19487592131284e-06 2.8783396271404
1e+06 0 1 -2 -2 -2
1e+06 0 1 -2 -2 -2
1e+06 0 1 -2 -2 -2
1e+06 0 1 -2 -2 -2
1e+06 0 1 -2 -2 -2
1e+06 0 1 -2 -2 -2
1e+06 0 1 -2 -2 -2
1e+06 0 1 -2 -2 -2
1e+06 0 1 -2 -2 -2
1e+06 0.177777777777778 0.000775302442443693 0.000995319355966918 1.35299565443907e-06 0.561776273173697
1e+06 0.193798449612403 0.000819855201506275 0.00204036743187839 7.49235125509321e-06 0.604467347657784
1e+06 0 1 -2 -2 -2
1e+06 0 1 -2 -2 -2
1e+06 0 1 -2 -2 -2
1e+06 0.129032258064516 0.00045764032967955 0.000523903337438619 2.8293070957913e-07 0.393060445818664
1e+06 0.181818181818182 0.000773934021889499 0.000970437387827413 1.26340946999264e-06 0.570758268263164
1e+06 0.689655172413793 0.000503483599974573 0.000239016963299671 1.08157466059786e-07 0.215422895628717
1e+06 0 1 -2 -2 -2
1e+06 0 1 -2 -2 -2
1e+06 0.325 0.00070951139986566 0.000370795723211753 1.50858237442204e-07 0.326406078856415
1e+06 0 1 -2 -2 -2
1e+06 0 1 -2 -2 -2
1e+06 0 1 -2 -2 -2
1e+06 0 1 -2 -2 -2
1e+06 0.631578947368421 0.000767212577296215 0.000464832914791119 4.11057799322181e-07 0.562079455456109
1e+06 0.25 0.000981495848914566 0.000830901099788559 8.15107813723897e-07 0.896663635772393
1e+06 0 0.000904320286621572 0.00126965131479614 1.62969774281518e-06 1.84600731511065
1e+06 0 1 -2 -2 -2
1e+06 0 0.000797473031515792 0.000871996728661807 7.75053722283898e-07 1.0300473232066
1e+06 0.434782608695652 0.000521176263600127 0.000381561208953548 2.61234093964214e-07 0.387527570292197
1e+06 0 1 -2 -2 -2
1e+06 0.349206349206349 0.000774238052661139 0.000558970148424673 4.79720402727821e-07 0.58223951255673
1e+06 0 1 -2 -2 -2
1e+06 0.186915887850467 0.000856451747040222 0.00130068698484431 2.47858784092489e-06 0.598407254040351
1e+06 0 1 -2 -2 -2
1e+06 0 1 -2 -2 -2
1e+06 0 1 -2 -2 -2
1e+06 0 1 -2 -2 -2
1e+06 0 0.00106946302579979 0.00179606593837661 3.22603038141208e-06 3.37221253836274
1e+06 0 1 -2 -2 -2
1e+06 0 1 -2 -2 -2
1e+06 0.547169811320755 0.000785622781185883 0.000362615265579876 2.02884390367635e-07 0.42454234993131
1e+06 0 1 -2 -2 -2
1e+06 0 0.000831892316782203 0.0009674604959178 9.69626145045243e-07 1.18570221957099
1e+06 0 0.00101375955332939 0.00138289269159328 1.91950389368121e-06 1.8083146660149
1e+06 0 0.00105277916224501 0.00171517344828879 2.94206747941649e-06 2.9851238068757
1e+06 0.25 0.000816511888426799 0.00191251365846446 6.75099328010728e-06 0.588676211351672
1e+06 0 1 -2 -2 -2
1e+06 0 1 -2 -2 -2
1e+06 0 1 -2 -2 -2
1e+06 0.469387755102041 0.000811308289283537 0.000457792833594388 2.48185908340923e-07 0.491684006514914
1e+06 0.271844660194175 0.00100775653939825 0.00108556593680395 1.7660591982696e-06 0.570132123071413
1e+06 0 0.000757101719873424 0.00065414733168595 4.34180036708965e-07 0.697965613633435
1e+06 0 1 -2 -2 -2
1e+06 0 1 -2 -2 -2
1e+06 0.325581395348837 0.000711886789575232 0.00177704103889136 6.21430558110932e-06 0.405607961715666
1e+06 0 1 -2 -2 -2
1e+06 0 1 -2 -2 -2
1e+06 0 0.000994381206130804 0.00144254630739518 2.08292740881737e-06 2.08416521939174
1e+06 0.148760330578512 0.000729208398744605 0.00188090760739113 5.46230960034454e-06 0.643574284759359
1e+06 0 1 -2 -2 -2
1e+06 0 1 -2 -2 -2
1e+06 0 1 -2 -2 -2
1e+06 0 1 -2 -2 -2
1e+06 0 1 -2 -2 -2
1e+06 0 1 -2 -2 -2
1e+06 0.4375 0.000455840461980116 0.000266710546087238 1.04095981565337e-07 0.276681669566596
1e+06 0.612903225806452 0.000797110295880411 0.000539915870580044 4.85690099207639e-07 0.594512886617444
1e+06 0 1 -2 -2 -2
1e+06 0 0.00110358072170926 0.0018089751135966 3.2740719546302e-06 3.08957044487565
1e+06 0 1 -2 -2 -2
1e+06 0 0.000895351971906148 0.000821511583398082 6.84142606103005e-07 0.875975089559693
1e+06 0.975 0.000531971497946559 0.000142917864155541 3.31594832887128e-08 0.126336773608556
1e+06 0.644067796610169 0.000767743918747571 0.000309489775701449 1.37713573989288e-07 0.330781886809557
1e+06 0 1 -2 -2 -2
1e+06 0 1 -2 -2 -2
1e+06 0 1 -2 -2 -2
1e+06 0 1 -2 -2 -2
1e+06 0 0.00088091179190978 0.00122088453809565 1.5182777890714e-06 1.76511968800984
1e+06 0.488372093023256 0.000717973719824695 0.000388401305498692 1.54660754104846e-07 0.399128926381316
1e+06 0 0.00100098073660312 0.00148804348358569 2.21452600762903e-06 2.20076681594716
1e+06 0 1 -2 -2 -2
1e+06 0 0.000750391246779057 0.000838783092666466 7.48940252358049e-07 1.03146837611857
1e+06 0 1 -2 -2 -2
1e+06 0 1 -2 -2 -2
1e+06 0 1 -2 -2 -2
1e+06 0 1 -2 -2 -2
1e+06 0 1 -2 -2 -2
1e+06 0 0.000978809760880953 0.00147100264155562 2.16632936898002e-06 2.25054281782974
1e+06 0 1 -2 -2 -2
1e+06 0 1 -2 -2 -2
1e+06 0 1 -2 -2 -2
1e+06 0.0512820512820513 0.000799495129225455 0.00061509302389201 3.81291255808945e-07 0.643485934289186
1e+06 0 1 -2 -2 -2
1e+06 0 0.000812878001661035 0.000924405888898339 8.70323729444246e-07 1.11166719585387
1e+06 0 1 -2 -2 -2
1e+06 0 1 -2 -2 -2
1e+06 0 1 -2 -2 -2
1e+06 0 1 -2 -2 -2
1e+06 0 1 -2 -2 -2
1e+06 0.612903225806452 0.000816304979149336 0.000473151770874519 3.64106334682363e-07 0.522277933696426
1e+06 0.156716417910448 0.000524320223186854 0.00235083993626248 9.00661285445302e-06 0.552840309282152
1e+06 0 1 -2 -2 -2
1e+06 0 0.000724862774750815 0.000535069699738053 3.12964350956387e-07 0.5238209407763
1e+06 0 1 -2 -2 -2
1e+06 0 1 -2 -2 -2
1e+06 0 1 -2 -2 -2
1e+06 0 1 -2 -2 -2
1e+06 0 1 -2 -2 -2
1e+06 0 0.00104832838085636 0.00170491069974909 2.90748480980299e-06 2.9652909164485
1e+06 0 0.00100775804508128 0.00166364583733737 2.77148353928392e-06 3.11921799621957
1e+06 0 1 -2 -2 -2
1e+06 0.24468085106383 0.00106711887359865 0.00101654226755759 1.38221476056876e-06 0.682087419306011
1e+06 0 1 -2 -2 -2
1e+06 0.178571428571429 0.000676283480703576 0.000535745877705305 3.54643606762218e-07 0.535060240565223
1e+06 0 1 -2 -2 -2
1e+06 0 1 -2 -2 -2
1e+06 0 1 -2 -2 -2
1e+06 0 1 -2 -2 -2
1e+06 0 1 -2 -2 -2
1e+06 0 1 -2 -2 -2
1e+06 0.171641791044776 0.000720313036220403 0.00189396667280858 6.90868006700297e-06 0.443104398876854
1e+06 0.409090909090909 0.000558597721135496 0.000443382171070403 3.41912464717204e-07 0.455994273019966
1e+06 0 1 -2 -2 -2
1e+06 0 1 -2 -2 -2
1e+06 0 0.000813215402018226 0.000774949796452434 6.00866660978088e-07 0.860096584080243
1e+06 0 1 -2 -2 -2
1e+06 0 1 -2 -2 -2
1e+06 0 1 -2 -2 -2
1e+06 0 1 -2 -2 -2
1e+06 0 0.000862400272677996 0.00123105355125727 1.54710837629719e-06 1.89385678949685
1e+06 0 0.000872864846845936 0.00105033802624876 1.11070782224528e-06 1.27990350331431
1e+06 0 1 -2 -2 -2
1e+06 0.162790697674419 0.000903741578174431 0.000787312881572576 6.85043692950252e-07 0.862159770520101
1e+06 0 0.000806992408079616 0.000806877441419426 6.51484800129552e-07 0.917856446939838
1e+06 0 1 -2 -2 -2
1e+06 0 1 -2 -2 -2
1e+06 0 1 -2 -2 -2
1e+06 0 1 -2 -2 -2
1e+06 0 1 -2 -2 -2
1e+06 0 1 -2 -2 -2
1e+06 0 1 -2 -2 -2
1e+06 0 0.000942545185154119 0.00124349064243931 1.55000514812446e-06 1.6357604010296
1e+06 0 1 -2 -2 -2
1e+06 0 1 -2 -2 -2
1e+06 0 1 -2 -2 -2
1e+06 0 1 -2 -2 -2
1e+06 0 0.000914713852904658 0.00137145024205341 1.90068395813265e-06 2.21520379165427
1e+06 0 0.000840863019174099 0.000739989752551702 5.50777603536388e-07 0.78923290066244
1e+06 0 0.00104312060468204 0.00146708595494024 2.16466298986348e-06 1.95626870879122
1e+06 0 0.000982052282145515 0.00123549737246826 1.55423139001176e-06 1.50945063928293
1e+06 0 0.000867632880860123 0.00113479850894645 1.3032552161782e-06 1.52491489672888
1e+06 0 1 -2 -2 -2
1e+06 0 1 -2 -2 -2
1e+06 0 1 -2 -2 -2
1e+06 0.0540540540540541 0.000687944529491105 0.000456213248066237 2.11621863338019e-07 0.477349579492654
1e+06 0 1 -2 -2 -2
1e+06 0 1 -2 -2 -2
1e+06 0 1 -2 -2 -2
1e+06 0 0.000915247502388031 0.00134611106104944 1.8337830485349e-06 2.08119541944132
1e+06 0 1 -2 -2 -2
1e+06 0 1 -2 -2 -2
1e+06 0 1 -2 -2 -2
1e+06 0 1 -2 -2 -2
1e+06 0 1 -2 -2 -2
1e+06 0 0.000874744689236396 0.000993939610333798 9.88711262030694e-07 1.17463075616685
1e+06 0 1 -2 -2 -2
1e+06 0 1 -2 -2 -2
1e+06 0.441860465116279 0.000759149085754966 0.000546520344847828 3.67597034297601e-07 0.635733796573017
1e+06 0 0.00100563485744828 0.00157360945898639 2.47848687096769e-06 2.56409165696332
1e+06 0.476923076923077 0.000891846178887171 0.000632853186400264 6.29952212408541e-07 0.677105576934213
1e+06 0 1 -2 -2 -2
1e+06 0 0.000931587837914743 0.0010386769250764 1.08761842224711e-06 1.19986675295251
1e+06 0 1 -2 -2 -2
1e+06 0 1 -2 -2 -2
1e+06 0 1 -2 -2 -2
1e+06 0 1 -2 -2 -2
1e+06 1 0.000675331208750631 6.09010171359722e-05 5.13200519951932e-09 0.0585249229848313
1e+06 0 0.000727727174836028 0.0005558635693447 3.17153350700185e-07 0.569087941120408
1e+06 0 0.000805525635424563 0.000814219300473588 6.66093777368108e-07 0.921435853531309
1e+06 0 0.00078311309037149 0.000606176523302198 3.68328108513093e-07 0.632109656921162
1e+06 0.434782608695652 0.000760916474058165 0.000782889942682432 1.15254682753221e-06 0.265317535984711
1e+06 0 1 -2 -2 -2
1e+06 0 0.000974998300616184 0.00140199630981488 1.96639088172046e-06 1.99389146566648
1e+06 0.214285714285714 0.000699653263702027 0.000615503895318412 4.80932902608688e-07 0.499248296788833
1e+06 0 1 -2 -2 -2
1e+06 0 1 -2 -2 -2
1e+06 0 1 -2 -2 -2
1e+06 0 1 -2 -2 -2
1e+06 0 1 -2 -2 -2
1e+06 0 1 -2 -2 -2
1e+06 0 1 -2 -2 -2
1e+06 0.141791044776119 0.000666804286686137 0.00227567754058454 9.07930888092207e-06 0.587507665449898
1e+06 0 1 -2 -2 -2
1e+06 0 1 -2 -2 -2
1e+06 0 1 -2 -2 -2
1e+06 0 0.000983637590010559 0.00130205405767824 1.69889530509985e-06 1.66871133043192
1e+06 0 1 -2 -2 -2
1e+06 0 1 -2 -2 -2
1e+06 0 0.000895410245826515 0.00101403971812885 1.02880512710403e-06 1.18858031589743
1e+06 0 1 -2 -2 -2
1e+06 0 1 -2 -2 -2
1e+06 0 0.00104242888856356 0.00116620450598422 1.46495686746067e-06 1.3215685628144
1e+06 0.24 0.00100097881225279 0.000792551035314037 7.38734038132555e-07 0.831196818287336
1e+06 0 1 -2 -2 -2
1e+06 0 1 -2 -2 -2
1e+06 0.142857142857143 0.000461661720955504 0.000396644216185678 1.69474192428508e-07 0.301926684374034
1e+06 0 1 -2 -2 -2
1e+06 0 1 -2 -2 -2
1e+06 0 1 -2 -2 -2
1e+06 0.566037735849057 0.000789886709364484 0.000414870656511114 3.25544407618837e-07 0.524176435405422
1e+06 0 1 -2 -2 -2
1e+06 0 1 -2 -2 -2
1e+06 1 0.000601131092556718 0.000205241712001248 5.66843431659001e-08 0.17080857586318
1e+06 0 1 -2 -2 -2
1e+06 0 1 -2 -2 -2
1e+06 0 0.00104981814935221 0.00172096064180726 2.96273001451871e-06 3.05359839894488
1e+06 0 1 -2 -2 -2
1e+06 0 1 -2 -2 -2
1e+06 0 1 -2 -2 -2
1e+06 0 1 -2 -2 -2
1e+06 0.636363636363636 0.000596897828848283 0.000307129175977327 1.31389316785458e-07 0.271524867591262
1e+06 0 0.000930554132697562 0.00146122389680159 2.1531045265373e-06 2.57730190313038
1e+06 0 1 -2 -2 -2
1e+06 0 0.00101932675172856 0.00152287951350808 2.31927904536696e-06 2.25575509699346
1e+06 0 1 -2 -2 -2
1e+06 0 1 -2 -2 -2
1e+06 0 1 -2 -2 -2
1e+06 0 1 -2 -2 -2
1e+06 0 1 -2 -2 -2
1e+06 0.423076923076923 0.00092271189182394 0.000664004211550186 7.30899883355308e-07 0.807386813717196
1e+06 0 0.000815877440558116 0.00105860771744272 1.16703268286433e-06 1.45126570984212
1e+06 0 1 -2 -2 -2
1e+06 0 1 -2 -2 -2
1e+06 0 1 -2 -2 -2
1e+06 1 0.000553968486527846 0.000103346218509573 1.28653577756231e-08 0.0983665034002136
1e+06 0.692307692307692 0.000654504218852096 0.000320670275025753 1.08744505022259e-07 0.304138094884978
1e+06 0.657142857142857 0.000504678219261018 0.000201305440023147 6.47664201725581e-08 0.187912734497328
1e+06 0 1 -2 -2 -2
1e+06 0 0.000788177136843619 0.000911726115162277 8.81363271568431e-07 1.14220323540794
1e+06 0 1 -2 -2 -2
1e+06 0 0.000962428140325941 0.00148731307665122 2.22374276704831e-06 2.45773563987011
1e+06 0 1 -2 -2 -2
1e+06 0 0.00067798931827516 0.000745313665936417 6.82926478976604e-07 0.943054530579001
1e+06 0 1 -2 -2 -2
1e+06 0 0.000984752437964621 0.00107729183730224 1.21494403431849e-06 1.22255405648228
1e+06 0 1 -2 -2 -2
1e+06 0 1 -2 -2 -2
1e+06 0 1 -2 -2 -2
1e+06 0 1 -2 -2 -2
1e+06 0 1 -2 -2 -2
1e+06 0.141732283464567 0.000635680838438999 0.00191572808389345 5.80653892936405e-06 0.538594189332992
1e+06 0 1 -2 -2 -2
1e+06 0 0.000866603186930253 0.00133430294027167 1.80491116433956e-06 2.41850786730687
1e+06 0 1 -2 -2 -2
1e+06 0.08 0.000630914512218382 0.000533072855170468 3.65591836150944e-07 0.561562514808059
1e+06 0 1 -2 -2 -2
1e+06 0 1 -2 -2 -2
1e+06 0 1 -2 -2 -2
1e+06 0 1 -2 -2 -2
1e+06 0.154471544715447 0.000772599789224546 0.00191017016274965 5.59877534794577e-06 0.688416451098335
1e+06 0 1 -2 -2 -2
1e+06 0 0.000753143438484161 0.000878169734500957 8.4485099347335e-07 1.12767929189884
1e+06 0.241935483870968 0.000543368171375741 0.000368551351794736 1.43263140515087e-07 0.259024844360946
1e+06 0 0.000925407969923529 0.0012732736901287 1.62631920915261e-06 1.7644947343139
1e+06 0.369230769230769 0.000582109806974948 0.000351735122636658 1.68983210066409e-07 0.190202032244217
1e+06 0 0.00100207303163971 0.00155105788747466 2.40753035789274e-06 2.47786331912743
1e+06 0 1 -2 -2 -2
1e+06 0 1 -2 -2 -2
1e+06 0 1 -2 -2 -2
1e+06 0 1 -2 -2 -2
1e+06 0.294117647058824 0.000757054719628992 0.00150658543900143 4.45768816596603e-06 0.404133839311682
1e+06 0 1 -2 -2 -2
1e+06 0 1 -2 -2 -2
1e+06 0 1 -2 -2 -2
1e+06 0.428571428571429 0.000484996473703485 0.000374560526515076 2.62182358516546e-07 0.401832804959662
1e+06 0.358490566037736 0.000950034115333117 0.000717425918158244 7.39009167194745e-07 0.813794599907061
1e+06 0 1 -2 -2 -2
1e+06 0.608695652173913 0.000514367920223604 0.000154019183083376 2.840102430155e-08 0.155531757364672
1e+06 0 1 -2 -2 -2
1e+06 0 1 -2 -2 -2
1e+06 0 1 -2 -2 -2
1e+06 0 1 -2 -2 -2
1e+06 0 1 -2 -2 -2
1e+06 0 1 -2 -2 -2
1e+06 0 1 -2 -2 -2
1e+06 0 1 -2 -2 -2
1e+06 0.714285714285714 0.000697787868184115 0.000236952864640449 8.75300737739631e-08 0.266596652093761
1e+06 0 0.00103459475536523 0.00127506314209658 1.68127325407379e-06 1.51997519666197
1e+06 0 0.000891390986750918 0.00116631164939506 1.36982696291231e-06 1.54866303059343
1e+06 0 1 -2 -2 -2
1e+06 0 1 -2 -2 -2
1e+06 0 1 -2 -2 -2
1e+06 0 1 -2 -2 -2
1e+06 0.154471544715447 0.000892008255562933 0.00182524270697513 5.12155766732289e-06 0.695714581042382
1e+06 0 1 -2 -2 -2
1e+06 0 1 -2 -2 -2
1e+06 0 1 -2 -2 -2
1e+06 0 1 -2 -2 -2
1e+06 0 1 -2 -2 -2
1e+06 0.119402985074627 0.00078757839957015 0.00198904830276987 6.06511366878037e-06 0.618918573003813
1e+06 0 1 -2 -2 -2
1e+06 0 1 -2 -2 -2
1e+06 0 1 -2 -2 -2
1e+06 0 1 -2 -2 -2
1e+06 0 0.000854329151649541 0.000975953378093997 9.54901759581151e-07 1.16303113746845
1e+06 0 1 -2 -2 -2
1e+06 0 1 -2 -2 -2
1e+06 0.21875 0.000679157883551027 0.000955056451736809 1.42394696960509e-06 0.371587786385012
1e+06 0 0.000940683014417716 0.00140426549483246 1.98063804455367e-06 2.18472630297273
1e+06 0 1 -2 -2 -2
1e+06 0 1 -2 -2 -2
1e+06 0.163265306122449 0.000895868917647491 0.00129156102968202 2.2372467112223e-06 0.68620177749567
1e+06 0 0.000662736726739757 0.000739201804817757 6.66372056658604e-07 0.980826759096974
1e+06 0.142857142857143 0.000916445931810936 0.000830717520072155 7.51610266693591e-07 0.910011643514968
1e+06 0.285714285714286 0.000939262593229815 0.000723943706841301 6.26276001448317e-07 0.778989960639003
1e+06 0 1 -2 -2 -2
1e+06 0 1 -2 -2 -2
1e+06 0 1 -2 -2 -2
1e+06 0 0.000776258519585931 0.000915784276826571 8.86421478643326e-07 1.17279998439874
1e+06 0.829268292682927 0.000513859957518992 0.000149432486749043 2.99669392595484e-08 0.14005371596158
1e+06 0 1 -2 -2 -2
1e+06 0 1 -2 -2 -2
1e+06 0 1 -2 -2 -2
1e+06 0 1 -2 -2 -2
1e+06 0 1 -2 -2 -2
1e+06 0 1 -2 -2 -2
1e+06 0 1 -2 -2 -2
1e+06 0 0.000901416665657806 0.00118035924272758 1.40481142998936e-06 1.56446831073748
1e+06 0 1 -2 -2 -2
1e+06 0 0.00083375550233989 0.00105441325999361 1.12909621015835e-06 1.38763791004781
1e+06 0 1 -2 -2 -2
1e+06 0.0970149253731343 0.000692701954445765 0.00199065980912854 7.23048691283203e-06 0.465291105033079
1e+06 0 1 -2 -2 -2
1e+06 0 0.00091308190380231 0.0014108581031229 2.01109348812992e-06 2.43558282416832
1e+06 0 1 -2 -2 -2
1e+06 0 1 -2 -2 -2
1e+06 0 1 -2 -2 -2
1e+06 0 1 -2 -2 -2
1e+06 0 1 -2 -2 -2
1e+06 0 1 -2 -2 -2
1e+06 0 1 -2 -2 -2
1e+06 0 1 -2 -2 -2
1e+06 0.0892857142857143 0.000528487190870646 0.00194182342285851 5.19660557353967e-06 0.7608942187335
1e+06 0 1 -2 -2 -2
1e+06 0 1 -2 -2 -2
1e+06 0 1 -2 -2 -2
1e+06 0 0.00107813961789452 0.00175555079037954 3.08229116533287e-06 2.9946031095413
1e+06 0 0.000920533367008263 0.00130077723265215 1.70158002588777e-06 1.86326694730998
1e+06 0 0.000987427671883718 0.00116396220411981 1.38088391677752e-06 1.36661686370238
1e+06 0 1 -2 -2 -2
1e+06 0 1 -2 -2 -2
1e+06 0.169491525423729 0.000954372373160209 0.00158760891053494 3.8355172142107e-06 0.669387311967809
1e+06 0 1 -2 -2 -2
1e+06 0 1 -2 -2 -2
1e+06 0 1 -2 -2 -2
1e+06 0 1 -2 -2 -2
1e+06 0 1 -2 -2 -2
1e+06 0 0.00106473885193836 0.00166889105227845 2.7864226386519e-06 2.62842025319489
1e+06 0.904761904761905 0.000668074008962416 0.000271630431609238 7.74273530071943e-08 0.245407703407038
1e+06 0 1 -2 -2 -2
1e+06 0 1 -2 -2 -2
1e+06 0.225 0.000862583661940604 0.000773799880711711 7.15253545956693e-07 0.9130380350379
1e+06 0 0.00107959919645223 0.00174319058447353 3.03966742221414e-06 2.90969596357405
1e+06 0 1 -2 -2 -2
1e+06 0 1 -2 -2 -2
1e+06 0 1 -2 -2 -2
1e+06 0 1 -2 -2 -2
1e+06 0 0.000963041979278267 0.00153158470041991 2.35383023221301e-06 2.70869338330864
1e+06 0 0.000820786122641434 0.00072067085032605 5.21074817068435e-07 0.773382010220903
1e+06 0.55 0.000873738100128717 0.000490955548184649 3.64218365025852e-07 0.539446178607964
1e+06 0.357142857142857 0.000492293424028192 0.000323919192498256 1.66252787916832e-07 0.325438314901295
1e+06 0 1 -2 -2 -2
1e+06 0.355555555555556 0.000892731800050274 0.000741668825576841 7.30569080294282e-07 0.876652501805561
1e+06 0.39344262295082 0.000751351143813394 0.00155883443060048 4.71278645409714e-06 0.38191255326626
1e+06 0 1 -2 -2 -2
1e+06 0 1 -2 -2 -2
1e+06 0 1 -2 -2 -2
1e+06 0.194029850746269 0.000977187181978902 0.00182959882661287 5.40774473080101e-06 0.621544312230374
1e+06 0 1 -2 -2 -2
1e+06 0 0.00075929835705201 0.000891499840806331 8.59470590827847e-07 1.15111198089073
1e+06 0 1 -2 -2 -2
1e+06 0.0256410256410256 0.00084241400314881 0.000700407230520445 4.98378787805597e-07 0.74213133791704
1e+06 0 0.000873466001483984 0.00118690918945501 1.42759113901623e-06 1.65629222007681
1e+06 0 1 -2 -2 -2
1e+06 0 1 -2 -2 -2
1e+06 0.465116279069767 0.000735942196623796 0.000402603722625979 1.63454226654404e-07 0.402255648463847
1e+06 0 0.00101279505033176 0.00151198637444607 2.2862063184492e-06 2.23863980063514
1e+06 0 1 -2 -2 -2
1e+06 0 1 -2 -2 -2
1e+06 0 1 -2 -2 -2
1e+06 0 1 -2 -2 -2
1e+06 0.46031746031746 0.00061555584541911 0.00198349613118046 7.96026928994508e-06 0.4515624108711
1e+06 0.305555555555556 0.000655148196776562 0.000495014287842391 3.36109021219894e-07 0.296923424165295
1e+06 0 1 -2 -2 -2
1e+06 0 1 -2 -2 -2
1e+06 0 1 -2 -2 -2
1e+06 0.104477611940299 0.000604427314427919 0.00231225706307037 8.09340588560053e-06 0.668614283045585
1e+06 0.358974358974359 0.000864351630243145 0.000795900830093578 8.37540789318515e-07 0.987483246606732
1e+06 0 1 -2 -2 -2
1e+06 0 1 -2 -2 -2
1e+06 0.318181818181818 0.000559828091399747 0.000460159603003162 3.54353855855538e-07 0.482680895775022
1e+06 0 1 -2 -2 -2
1e+06 0 1 -2 -2 -2
1e+06 0 1 -2 -2 -2
1e+06 0 1 -2 -2 -2
1e+06 0 1 -2 -2 -2
1e+06 0 0.000985513431542715 0.00118897215310745 1.42870868469591e-06 1.41618459917757
1e+06 0 0.000991813397021221 0.00159517657830809 2.55063147516247e-06 2.82345804142769
1e+06 0 1 -2 -2 -2
1e+06 0 1 -2 -2 -2
1e+06 0.198198198198198 0.000637632764675219 0.0014721266651268 3.58310420264437e-06 0.43083587488632
1e+06 0 0.000768177699837649 0.000890375730808108 8.50223137177054e-07 1.1316057381998
1e+06 0.638888888888889 0.000577737304283593 0.000251110269093409 9.87321705030251e-08 0.212396068838584
1e+06 0 1 -2 -2 -2
1e+06 0.444444444444444 0.000888766171112129 0.000555625322025277 4.49561083926649e-07 0.628856463427275
1e+06 0 1 -2 -2 -2
1e+06 0.711864406779661 0.000680351742547085 0.000339557229988367 1.7014668715256e-07 0.355289712623026
1e+06 0.232558139534884 0.000580826186159465 0.00207460747757062 8.05210678214207e-06 0.482374032803462
1e+06 0 1 -2 -2 -2
1e+06 0 1 -2 -2 -2
1e+06 0.442307692307692 0.000855138762844381 0.000489897721943275 3.14331962687499e-07 0.536424868356564
1e+06 0.257575757575758 0.000638884755953812 0.000504287690205601 3.13227458636502e-07 0.391879523012036
1e+06 0 0.000810888257044443 0.000943850093159563 9.16231420468918e-07 1.16414678103143
1e+06 0 1 -2 -2 -2
1e+06 0 1 -2 -2 -2
1e+06 0.620689655172414 0.000544140874393424 0.000259764429446755 8.42848979424523e-08 0.169404599600875
1e+06 0 0.000884124597163289 0.00128923006130692 1.69025455566784e-06 2.03186993049887
1e+06 0 1 -2 -2 -2
1e+06 0 1 -2 -2 -2
1e+06 0 0.00064629448096479 0.000515229285215128 3.16705883457496e-07 0.536405627546674
1e+06 0 1 -2 -2 -2
1e+06 0 1 -2 -2 -2
1e+06 0 1 -2 -2 -2
1e+06 0 1 -2 -2 -2
1e+06 0 1 -2 -2 -2
1e+06 0.142857142857143 0.000689400998247633 0.00109390740941792 1.52057796408435e-06 0.700681878378451
1e+06 0 1 -2 -2 -2
1e+06 0 0.00102192124163716 0.00169339691134129 2.87028137755638e-06 3.17594418526053
1e+06 0 1 -2 -2 -2
1e+06 0 1 -2 -2 -2
1e+06 0 1 -2 -2 -2
1e+06 0 0.000939274666719136 0.00136421695538411 1.87527061971578e-06 2.02998996077402
1e+06 0 1 -2 -2 -2
1e+06 0.291666666666667 0.000639444896730347 0.000529890113535745 4.12424006399409e-07 0.539709312250256
1e+06 0.105263157894737 0.000697098703875846 0.000423651520667471 1.82221912111166e-07 0.421071170890075
1e+06 0 1 -2 -2 -2
1e+06 0 1 -2 -2 -2
1e+06 0.209302325581395 0.00086239652250485 0.000679950608190254 4.93704241819362e-07 0.726012140002395
1e+06 0 1 -2 -2 -2
1e+06 0 0.000660764841173899 0.000787648424612802 7.71619188958892e-07 1.11989245045998
1e+06 0 1 -2 -2 -2
1e+06 0 1 -2 -2 -2
1e+06 0 1 -2 -2 -2
1e+06 0 1 -2 -2 -2
1e+06 0 0.000919083477927882 0.00145133205909223 2.12056998785396e-06 2.63668381708568
1e+06 0.466666666666667 0.000922057781220664 0.000542707156352576 4.28002972094527e-07 0.58757511492458
1e+06 0 1 -2 -2 -2
1e+06 0 1 -2 -2 -2
1e+06 0 0.000771182592467684 0.000693997232592488 5.00219432549761e-07 0.740660566116924
1e+06 0 1 -2 -2 -2
1e+06 0 1 -2 -2 -2
1e+06 0 0.000972812175490254 0.00116822376859559 1.380743864918e-06 1.39446376973056
1e+06 0 0.000920083110039536 0.00103556313346945 1.07779271772018e-06 1.20538927155498
1e+06 0 1 -2 -2 -2
1e+06 0 1 -2 -2 -2
1e+06 0 1 -2 -2 -2
1e+06 0.482758620689655 0.000887422923208451 0.000564474124735249 5.05634856163712e-07 0.64314098005843
1e+06 0.484848484848485 0.000618423896519021 0.000350941502579638 1.4829811614276e-07 0.331594215814907
1e+06 0 1 -2 -2 -2
1e+06 0 1 -2 -2 -2
1e+06 0 0.00106187664274674 0.0017634088362172 3.1099754084674e-06 3.21851139373746
1e+06 0 0.000881409602825773 0.000934809859341937 8.75894253126515e-07 1.06518002757923
1e+06 0 1 -2 -2 -2
1e+06 0 1 -2 -2 -2
1e+06 0 1 -2 -2 -2
1e+06 0 1 -2 -2 -2
1e+06 0 1 -2 -2 -2
1e+06 0.392857142857143 0.000959470031823717 0.000690519132489616 7.12948057781628e-07 0.778556665599745
1e+06 0 0.00103621615965233 0.00141515393602064 2.01767901276811e-06 1.83332902676643
1e+06 0 1 -2 -2 -2
1e+06 0 1 -2 -2 -2
1e+06 0 0.000751628920854421 0.000754550427231311 5.9275048890754e-07 0.859512470322111
1e+06 0 1 -2 -2 -2
1e+06 0 0.0010715874059387 0.00168386228988517 2.83672254607475e-06 2.65227727646783
1e+06 0 1 -2 -2 -2
1e+06 0 0.000834426199215713 0.00104466338704745 1.11991901362535e-06 1.36224766819887
1e+06 0 1 -2 -2 -2
1e+06 0 1 -2 -2 -2
1e+06 0 1 -2 -2 -2
1e+06 0 1 -2 -2 -2
1e+06 0 0.000799014102703131 0.000865831392207545 7.73840179677117e-07 1.00991821825711
1e+06 0 0.000894479754716789 0.00133068853846944 1.79730865051564e-06 2.14435921975347
1e+06 0 1 -2 -2 -2
1e+06 0 0.0010883191964503 0.0018514858931853 3.42802525389635e-06 3.57692283860936
1e+06 0 0.00109927039756599 0.00178572862103371 3.19149579322857e-06 2.98449288260742
1e+06 0 1 -2 -2 -2
1e+06 0.711111111111111 0.000626482722916532 0.000222441428632505 7.66288877433771e-08 0.271937420945444
1e+06 0 0.000981269012621568 0.00144789337169131 2.09737993761927e-06 2.13693854885708
1e+06 0 1 -2 -2 -2
1e+06 0 1 -2 -2 -2
1e+06 0 0.00108867837609812 0.0017189602180691 2.95789226275615e-06 2.71164699821818
1e+06 0 1 -2 -2 -2
1e+06 0.933333333333333 0.000597851038357451 0.000110858125589211 1.70264363277295e-08 0.117508032346673
1e+06 0 0.00078617887276156 0.00107485178752584 1.23980853917353e-06 1.66297970484985
1e+06 0 1 -2 -2 -2
1e+06 0 1 -2 -2 -2
1e+06 0 1 -2 -2 -2
1e+06 0 1 -2 -2 -2
1e+06 0 0.000820908587641205 0.000727888320014431 5.33577005557884e-07 0.789429111473541
1e+06 0.208333333333333 0.00089358254858285 0.00105245041423213 1.59651983608894e-06 0.533939482868978
1e+06 0 1 -2 -2 -2
1e+06 0 0.000737552528434879 0.000685324813634866 4.94675990319698e-07 0.74765180951174
1e+06 0 0.000905072457033309 0.00121490511665326 1.49408515115097e-06 1.66400582085576
1e+06 0 0.00100893579814453 0.00131989688532279 1.75552332461291e-06 1.65975215227466
1e+06 0 1 -2 -2 -2
1e+06 0 1 -2 -2 -2
1e+06 0 1 -2 -2 -2
1e+06 0 1 -2 -2 -2
1e+06 0 1 -2 -2 -2
1e+06 0 0.000885975579392624 0.000898106143083812 8.15420154233136e-07 1.00493425920299
1e+06 0.258426966292135 0.000981986678560705 0.000768342283703619 8.54694832643768e-07 0.417153003206648
1e+06 0.126126126126126 0.000599979419344717 0.0014814182408392 3.31327641043561e-06 0.499694452560955
1e+06 0 1 -2 -2 -2
1e+06 0 0.00103955070262781 0.00174724708112886 3.05344602422098e-06 3.37445238173004
1e+06 0 1 -2 -2 -2
1e+06 0 1 -2 -2 -2
1e+06 0 0.000841946001416572 0.00104708248086216 1.12533479832941e-06 1.36470568811792
1e+06 0 0.00100460564862235 0.00165740507667154 2.75526400544769e-06 3.10486131806918
1e+06 0 1 -2 -2 -2
1e+06 0.73469387755102 0.00050485715346224 0.000164723661073051 3.40350838364694e-08 0.138671114338474
1e+06 0 1 -2 -2 -2
1e+06 0 1 -2 -2 -2
1e+06 0 1 -2 -2 -2
1e+06 0 0.000966756051862477 0.00148400644120576 2.21274448616558e-06 2.40664987132796
1e+06 0 1 -2 -2 -2
1e+06 0 1 -2 -2 -2
1e+06 0 1 -2 -2 -2
1e+06 0 0.000739390658792454 0.00100815377867776 1.13183711710943e-06 1.61702938357331
1e+06 0.0747663551401869 0.00039585122814605 0.00183760444699494 4.69679501867905e-06 0.637724809189007
1e+06 0 1 -2 -2 -2
1e+06 0.121621621621622 0.000493308282241286 0.000941355957181479 1.09174691934981e-06 0.566538695100469
1e+06 0 1 -2 -2 -2
1e+06 0 1 -2 -2 -2
1e+06 0 1 -2 -2 -2
1e+06 0 1 -2 -2 -2
1e+06 0 0.000881556974595892 0.0011541430671305 1.34705909450172e-06 1.55180698510232
1e+06 0 1 -2 -2 -2
1e+06 0 1 -2 -2 -2
1e+06 0 1 -2 -2 -2
1e+06 0 0.00088586234382055 0.00112123334133684 1.26550333792036e-06 1.43892008998063
1e+06 0.0884955752212389 0.000493953992059476 0.00205063650233165 5.80858071277153e-06 0.784209504987221
1e+06 0.62962962962963 0.000763024941947784 0.000250222063324144 8.69027533260104e-08 0.276479721160538
1e+06 0 1 -2 -2 -2
1e+06 0 1 -2 -2 -2
1e+06 0 0.00101411491113449 0.00120044365906347 1.47881483224412e-06 1.40213899842122
1e+06 0 1 -2 -2 -2
1e+06 0 0.000912979032113334 0.00113560075443085 1.28974591710875e-06 1.41567963153037
1e+06 0 1 -2 -2 -2
1e+06 0 1 -2 -2 -2
1e+06 0.428571428571429 0.00083682163769259 0.000517412534265403 3.55035231523272e-07 0.465715207904342
1e+06 0.104477611940299 0.000781122251699197 0.00206407991280327 6.95376126847107e-06 0.655637153716765
1e+06 0 1 -2 -2 -2
1e+06 0 1 -2 -2 -2
1e+06 0 1 -2 -2 -2
1e+06 0.103448275862069 0.00040271700354067 0.000551532667052148 3.18323231567006e-07 0.431964761244914
1e+06 0 1 -2 -2 -2
1e+06 0 1 -2 -2 -2
1e+06 0 0.000920604706900179 0.00128236958062884 1.65067886393612e-06 1.80861961862598
1e+06 0 1 -2 -2 -2
1e+06 0 1 -2 -2 -2
1e+06 0 1 -2 -2 -2
1e+06 0 1 -2 -2 -2
1e+06 0 1 -2 -2 -2
1e+06 0 1 -2 -2 -2
1e+06 0 1 -2 -2 -2
1e+06 0 0.00105316018355835 0.00162518589092335 2.641701293975e-06 2.50362199530485
1e+06 0 1 -2 -2 -2
1e+06 0 1 -2 -2 -2
1e+06 0 0.00105624580959687 0.00178310288973423 3.17972696781781e-06 3.44415307653833
1e+06 0 1 -2 -2 -2
1e+06 0 1 -2 -2 -2
1e+06 0 1 -2 -2 -2
1e+06 0 0.000687485746684156 0.000570231270146198 3.67621128945713e-07 0.595513644664598
1e+06 0.141791044776119 0.000702261444694337 0.00238045855305152 9.73465626157682e-06 0.660541469371755
1e+06 0 1 -2 -2 -2
1e+06 0.954545454545455 0.000662158642589444 0.000230347945793432 5.5909022747907e-08 0.204986063895509
1e+06 0 0.000957374227135887 0.00117152119261018 1.37696539646084e-06 1.41667054379374
1e+06 0 1 -2 -2 -2
1e+06 0 0.000966795886961513 0.00138303555906775 1.91438401692506e-06 1.96334989144042
1e+06 0 0.000964341682107635 0.00156911609572737 2.46832044657929e-06 2.94012568933292
1e+06 0.08 0.000667923502662119 0.00057515063246842 4.07809219567298e-07 0.611755367126825
1e+06 0 1 -2 -2 -2
1e+06 0 1 -2 -2 -2
1e+06 0 1 -2 -2 -2
1e+06 0 0.000727159158065742 0.000742246595488341 6.09270553426891e-07 0.860514482822169
1e+06 0 1 -2 -2 -2
1e+06 0 0.000920737704123932 0.000870929684992119 7.71652644432304e-07 0.932852087154057
1e+06 0 1 -2 -2 -2
1e+06 0 1 -2 -2 -2
1e+06 0.171052631578947 0.0007097949180702 0.000825121702112428 8.62838616710527e-07 0.613822943923845
1e+06 0.232558139534884 0.000804438674663394 0.000546537211929017 3.07737687077617e-07 0.564171792040556
1e+06 0 1 -2 -2 -2
1e+06 0.168141592920354 0.000765453950353652 0.00142854590444465 3.14392187134926e-06 0.54250016683508
1e+06 0 0.000839210511489386 0.000721177881148562 5.27295093024123e-07 0.772252257358842
1e+06 0 1 -2 -2 -2
1e+06 0 1 -2 -2 -2
1e+06 0 1 -2 -2 -2
1e+06 0 1 -2 -2 -2
1e+06 0.6 0.000535259459349673 0.000275538913256521 1.34967861958805e-07 0.244336135812754
1e+06 0 0.000991806229960931 0.00120807377363767 1.49400733502608e-06 1.44533548535734
1e+06 0.283783783783784 0.000862700645308913 0.000711448951071823 6.54192659744741e-07 0.601735264068119
1e+06 0 1 -2 -2 -2
1e+06 0 1 -2 -2 -2
1e+06 0 1 -2 -2 -2
1e+06 0 0.00102647245427814 0.00140489888909124 1.98070204130325e-06 1.83587868896211
1e+06 0 1 -2 -2 -2
1e+06 0 1 -2 -2 -2
1e+06 0 1 -2 -2 -2
1e+06 0 1 -2 -2 -2
1e+06 0.292035398230089 0.000878289916022872 0.00123362394402903 2.86618526468876e-06 0.370956634383222
1e+06 0.557377049180328 0.000855595673010114 0.000516074316663667 4.21844174157381e-07 0.574045878983851
1e+06 0 1 -2 -2 -2
1e+06 0 0.00103371981460262 0.00154662916480331 2.39420048360679e-06 2.25925010167302
1e+06 0 1 -2 -2 -2
1e+06 0 1 -2 -2 -2
1e+06 0.261904761904762 0.000755502002748518 0.000458027349309507 2.10510762461296e-07 0.454347439407814
1e+06 0 1 -2 -2 -2
1e+06 0 0.00078203218581171 0.00103736504296257 1.148814458179e-06 1.53123594414614
1e+06 0.125 0.000800859937763036 0.00060366431181218 3.70024927846888e-07 0.63338243197932
1e+06 0 1 -2 -2 -2
1e+06 0 1 -2 -2 -2
1e+06 0 1 -2 -2 -2
1e+06 0 1 -2 -2 -2
1e+06 0 1 -2 -2 -2
1e+06 0 0.000921620568423561 0.00123591432999098 1.53088816444978e-06 1.65516878148771
1e+06 0 0.000927269930672361 0.00096411866603565 9.51028217622978e-07 1.08227958616833
1e+06 0 0.000814404539142223 0.00115474171072982 1.40520995057457e-06 1.8364320476871
1e+06 0 1 -2 -2 -2
1e+06 0.175572519083969 0.000581268936168098 0.00219329014337633 8.40650971896314e-06 0.536393245708784
1e+06 0.173913043478261 0.000652055988734892 0.000586165834740643 4.54204607983761e-07 0.633690886915977
1e+06 0 1 -2 -2 -2
1e+06 0 1 -2 -2 -2
1e+06 1 0.000590384954182473 0.000131421012322509 2.3725131818531e-08 0.111193811636253
1e+06 0 1 -2 -2 -2
1e+06 0 1 -2 -2 -2
1e+06 0 1 -2 -2 -2
1e+06 0.319148936170213 0.000858352935250347 0.000588982377422848 3.87052011977952e-07 0.621922780223784
1e+06 0 1 -2 -2 -2
1e+06 0 1 -2 -2 -2
1e+06 0 0.000825046531621059 0.000956452768150622 9.35439688161285e-07 1.16404790807813
1e+06 0 1 -2 -2 -2
1e+06 0 1 -2 -2 -2
1e+06 0 1 -2 -2 -2
1e+06 0.0952380952380952 0.00064744514161661 0.000613326976116409 4.85870194981154e-07 0.69937166944198
1e+06 0 0.000863579869281935 0.00116039519993103 1.36845412772985e-06 1.61518751038766
1e+06 0 1 -2 -2 -2
1e+06 0 1 -2 -2 -2
1e+06 0 0.00109260885574487 0.0017124686993193 2.93832456256177e-06 2.65150349977053
1e+06 0 1 -2 -2 -2
1e+06 0 1 -2 -2 -2
1e+06 0 0.000995735535693137 0.00157924313749361 2.49747798872554e-06 2.68158002132762
1e+06 0 1 -2 -2 -2
1e+06 0 1 -2 -2 -2
1e+06 0.132743362831858 0.000724423268502576 0.00178265349973011 4.59412191545801e-06 0.732028008937773
1e+06 0 1 -2 -2 -2
1e+06 0 0.000989843495161729 0.00114629341105376 1.34115321704662e-06 1.33081838065273
1e+06 0.320754716981132 0.00100197535309868 0.000791886854836681 8.3457324970092e-07 0.86693077547191
1e+06 0.126315789473684 0.000547595526302585 0.00119907891592037 1.98967737469512e-06 0.499602047766991
1e+06 0 1 -2 -2 -2
1e+06 0.206521739130435 0.000592735909572288 0.00095848172757792 1.36937859743762e-06 0.361198341934682
1e+06 0 1 -2 -2 -2
1e+06 0 1 -2 -2 -2
1e+06 0.24 0.00104841451375148 0.000945363915903321 1.12019107037699e-06 1.03313864898543
1e+06 0 1 -2 -2 -2
1e+06 0 1 -2 -2 -2
1e+06 0 1 -2 -2 -2
1e+06 0.177570093457944 0.000769013649342163 0.00127051591824255 2.46206926840152e-06 0.523200396607833
1e+06 0 1 -2 -2 -2
1e+06 0 0.000784479883263368 0.000574698163589589 3.3323834885206e-07 0.570420881468158
1e+06 0 0.00107653263107836 0.00182640224744797 3.33592383226881e-06 3.52798628116997
1e+06 0 1 -2 -2 -2
1e+06 0 1 -2 -2 -2
1e+06 0 1 -2 -2 -2
1e+06 0 1 -2 -2 -2
1e+06 0 1 -2 -2 -2
1e+06 0 1 -2 -2 -2
1e+06 0.75 0.000704985805353558 0.000190750980908636 5.30394735044329e-08 0.208573245198778
1e+06 0 0.000911244302809488 0.00091381002757512 8.55443802066999e-07 1.01557383968047
1e+06 0 1 -2 -2 -2
1e+06 0 0.00102969161431189 0.00133726592552771 1.81857932337613e-06 1.65348729241734
1e+06 0 0.000991840826238113 0.00141529554679715 2.00469514446285e-06 1.96016667531624
1e+06 0 1 -2 -2 -2
1e+06 0 0.000852082174846543 0.000921739172326501 8.55514313049127e-07 1.07908178022851
1e+06 0 1 -2 -2 -2
1e+06 0 1 -2 -2 -2
1e+06 0 0.000823302962143972 0.00103734244326538 1.10496059752158e-06 1.37718911034366
1e+06 0.263157894736842 0.000927028038570297 0.00128322943944613 3.02200449581796e-06 0.443004005366402
1e+06 0 1 -2 -2 -2
1e+06 0 1 -2 -2 -2
1e+06 0 0.000743552337420297 0.000679302830514991 4.79407234614234e-07 0.737347571608198
1e+06 0 1 -2 -2 -2
1e+06 0 1 -2 -2 -2
1e+06 0 1 -2 -2 -2
1e+06 0 0.000944924470251798 0.00132058077996048 1.74619282634595e-06 1.83794932535607
1e+06 0 1 -2 -2 -2
1e+06 0 1 -2 -2 -2
1e+06 0 0.000920837996722224 0.00124721810859977 1.5596627858857e-06 1.69774668757689
1e+06 0 1 -2 -2 -2
1e+06 1 0.000577235542472049 0.00014844659300519 4.2419881881101e-08 0.106653873626105
1e+06 0 1 -2 -2 -2
1e+06 0 0.00064919120197671 0.00044735942840686 2.09053685268654e-07 0.471369375501541
1e+06 0 1 -2 -2 -2
1e+06 0 0.000692081059943435 0.000669757656887003 5.20529861937337e-07 0.760366586783488
1e+06 0.313253012048193 0.000734008056178755 0.000622427965502283 6.00407439806414e-07 0.310279009964372
1e+06 0 1 -2 -2 -2
1e+06 0.347826086956522 0.000590805294814707 0.000476155046070132 3.55275881718592e-07 0.488645674676806
1e+06 0 1 -2 -2 -2
1e+06 0 0.000840893918840553 0.00112083669161183 1.30184442474737e-06 1.57022154308227
1e+06 0.111940298507463 0.000755284640293873 0.00226403667142984 7.59752111738997e-06 0.761048928908453
1e+06 0 1 -2 -2 -2
1e+06 0 1 -2 -2 -2
1e+06 0 1 -2 -2 -2
1e+06 0 1 -2 -2 -2
1e+06 0 1 -2 -2 -2
1e+06 0 1 -2 -2 -2
1e+06 0 1 -2 -2 -2
1e+06 0.617647058823529 0.000542236625697087 0.000254360650179312 1.06049086549458e-07 0.225374681323247
1e+06 0 1 -2 -2 -2
1e+06 0 1 -2 -2 -2
1e+06 0 1 -2 -2 -2
1e+06 0 1 -2 -2 -2
1e+06 0 1 -2 -2 -2
1e+06 0 1 -2 -2 -2
1e+06 0 1 -2 -2 -2
1e+06 0 1 -2 -2 -2
1e+06 0.269662921348315 0.000674414918525024 0.000763278582821514 9.24558588043759e-07 0.300007300532497
1e+06 0 1 -2 -2 -2
1e+06 0 1 -2 -2 -2
1e+06 0 1 -2 -2 -2
1e+06 0 1 -2 -2 -2
1e+06 0.0555555555555556 0.000619053656851555 0.000607918014501339 4.78293013576717e-07 0.740711123946022
1e+06 0 1 -2 -2 -2
1e+06 0 1 -2 -2 -2
1e+06 0 1 -2 -2 -2
1e+06 0 1 -2 -2 -2
1e+06 0 1 -2 -2 -2
1e+06 0 1 -2 -2 -2
1e+06 0.119402985074627 0.000714429457854834 0.00223735258262646 8.14310271396665e-06 0.668534692536353
1e+06 0 1 -2 -2 -2
1e+06 0 1 -2 -2 -2
1e+06 0 1 -2 -2 -2
1e+06 0.209677419354839 0.000667365999121734 0.000609100916624792 5.13900877297281e-07 0.584877205753473
1e+06 0.489795918367347 0.000821334794432524 0.000524926341155152 4.34035106857414e-07 0.639881120420112
1e+06 0 0.00092111808759528 0.00131820539059855 1.74844741000026e-06 1.92584304553616
1e+06 0 0.000706352849648049 0.000845535844684193 8.10540538063868e-07 1.17292717537463
1e+06 0 1 -2 -2 -2
1e+06 0 1 -2 -2 -2
1e+06 0 1 -2 -2 -2
1e+06 0.242424242424242 0.000297610404721844 0.000415427129934137 2.00848069678469e-07 0.501594738426347
1e+06 0 0.000896338477006678 0.00102327941882968 1.04816374618217e-06 1.20898714351898
1e+06 0.256756756756757 0.000778869986752417 0.000660683030370059 5.55295205864432e-07 0.512426394131061
1e+06 0 1 -2 -2 -2
1e+06 0 1 -2 -2 -2
1e+06 0 0.000713062439066281 0.000555635668299812 3.22761382646542e-07 0.574236326000967
1e+06 0.442307692307692 0.000849892663839385 0.00047723863934015 3.00761958019168e-07 0.524265434966662
1e+06 0 1 -2 -2 -2
1e+06 0 0.00109052782708264 0.00184061607211212 3.38787488279103e-06 3.45683375128004
1e+06 0 1 -2 -2 -2
1e+06 0.948275862068966 0.000613477843256237 0.0001953251107338 4.80873789320157e-08 0.140426096661737
1e+06 0 1 -2 -2 -2
1e+06 0.328571428571429 0.000653394074401807 0.000457342695617965 2.74133433049053e-07 0.297992559526716
1e+06 0 1 -2 -2 -2
1e+06 0.333333333333333 0.000941176852598314 0.000726726510265968 6.91676853502844e-07 0.806360429675848
1e+06 0 0.000808708804172737 0.0007045942691414 4.96785715796551e-07 0.752420931829035
1e+06 0 1 -2 -2 -2
1e+06 0 0.00103017342984339 0.00165162679224794 2.72896413661326e-06 2.80922336953843
1e+06 0 1 -2 -2 -2
1e+06 1 0.00054771102970706 9.29307418032372e-05 1.06756720247832e-08 0.0869833129482998
1e+06 0 1 -2 -2 -2
1e+06 0.605263157894737 0.000467560595888854 0.000184619432353192 4.41078103215095e-08 0.187542011029382
1e+06 0 1 -2 -2 -2
1e+06 0 0.000954221161522569 0.00150069984344408 2.26399861718376e-06 2.59722098343916
1e+06 0 1 -2 -2 -2
1e+06 0 0.000723149059427515 0.000695171827747902 5.46471418846671e-07 0.767501897058624
1e+06 0 1 -2 -2 -2
1e+06 1 0.000628031413391538 9.930330744299e-05 1.28772831579775e-08 0.0779001113678661
1e+06 1 0.000603945048103165 0.000127944765373601 1.85158194406468e-08 0.0919956982865362
1e+06 0 1 -2 -2 -2
1e+06 0 1 -2 -2 -2
1e+06 0 1 -2 -2 -2
1e+06 0.627450980392157 0.000741885521962431 0.000366232868890964 3.07611819484685e-07 0.496686472010008
1e+06 0 1 -2 -2 -2
1e+06 0 1 -2 -2 -2
1e+06 0 1 -2 -2 -2
1e+06 0.254901960784314 0.00108873578341189 0.00100558378571707 1.28754260890684e-06 1.09685987560905
1e+06 0 0.000946379181765638 0.00145642032187003 2.13135106242207e-06 2.40766171476279
1e+06 0 1 -2 -2 -2
1e+06 0 1 -2 -2 -2
1e+06 0.16304347826087 0.000553880775361461 0.0010587669384362 1.62912264557183e-06 0.433872395349544
1e+06 0 1 -2 -2 -2
1e+06 0 1 -2 -2 -2
1e+06 0 1 -2 -2 -2
1e+06 0 1 -2 -2 -2
1e+06 0 1 -2 -2 -2
1e+06 0 1 -2 -2 -2
1e+06 0 1 -2 -2 -2
1e+06 0 0.000650777142650273 0.000443696482408374 2.26393053747995e-07 0.438458958278619
1e+06 0.829268292682927 0.000657284464986656 0.000278168291904392 8.14178921395146e-08 0.256362268773258
1e+06 0.0223880597014925 0.00058142092530198 0.00224737618266814 8.09500784370337e-06 0.563399861182379
1e+06 0.853658536585366 0.000583765960103624 0.000191872274657264 5.39182593624922e-08 0.162444628463591
1e+06 0 0.000779169750145686 0.000964397118316731 9.95341572336965e-07 1.30510315259873
1e+06 0 1 -2 -2 -2
1e+06 0 1 -2 -2 -2
1e+06 0 1 -2 -2 -2
1e+06 0 1 -2 -2 -2
1e+06 0.4 0.000519211180964411 0.000404414950055942 2.88408415340912e-07 0.439429752087447
1e+06 0 1 -2 -2 -2
1e+06 0 1 -2 -2 -2
1e+06 0 1 -2 -2 -2
1e+06 0 1 -2 -2 -2
1e+06 0 1 -2 -2 -2
1e+06 0 1 -2 -2 -2
1e+06 0 0.000884350079731462 0.00123862093778399 1.55196436841971e-06 1.80035234042823
1e+06 0.60655737704918 0.000565482244361038 0.000274857473472189 9.36580720768845e-08 0.166545760572287
1e+06 0.897959183673469 0.000609221236194034 0.000106764506825277 1.34974649543709e-08 0.0993109329282959
1e+06 0 1 -2 -2 -2
1e+06 0 1 -2 -2 -2
1e+06 0 1 -2 -2 -2
1e+06 0 1 -2 -2 -2
1e+06 0 1 -2 -2 -2
1e+06 0 1 -2 -2 -2
1e+06 0 1 -2 -2 -2
1e+06 0.696428571428571 0.000690873772683635 0.000378043645885387 2.19847757252104e-07 0.418587376328598
1e+06 0 1 -2 -2 -2
1e+06 0 1 -2 -2 -2
1e+06 0 0.00105947481688711 0.00134640023089825 1.8990951365722e-06 1.64428160059899
1e+06 0 1 -2 -2 -2
1e+06 0 1 -2 -2 -2
1e+06 0.185567010309278 0.000657879808397675 0.00106966315035257 1.7160567471973e-06 0.444788424141686
1e+06 0 1 -2 -2 -2
1e+06 0 1 -2 -2 -2
1e+06 0 1 -2 -2 -2
1e+06 0 0.000810140448881356 0.000786760388291481 6.20381712162938e-07 0.872264367703598
1e+06 0 1 -2 -2 -2
1e+06 0 1 -2 -2 -2
1e+06 0 0.00105997629143151 0.00136855631779439 1.91516726616405e-06 1.67679055259083
1e+06 0 0.00083173041829432 0.00072370789972589 5.24337120034206e-07 0.760537468110235
1e+06 0 1 -2 -2 -2
1e+06 0 0.000866472165029612 0.00123911608781743 1.58313188833614e-06 1.89742196344262
1e+06 0 1 -2 -2 -2
1e+06 0.454545454545455 0.000891019627980383 0.00058535015935029 5.50605330358027e-07 0.68565101091373
1e+06 0 1 -2 -2 -2
1e+06 0 0.00108016978282551 0.00167190176302004 2.80011699143491e-06 2.54123739707233
1e+06 0 1 -2 -2 -2
1e+06 0.201492537313433 0.000795178977592826 0.00213216546792476 8.18877275718396e-06 0.595234291768065
1e+06 0.46031746031746 0.000982479657852724 0.000595301271649528 4.8266928460349e-07 0.60618643279068
1e+06 0.651162790697674 0.000496752089783173 0.000151849700091509 2.70061566068257e-08 0.1521117102635
1e+06 0.217391304347826 0.000620085879492459 0.000534043342385872 3.84274359616117e-07 0.575654708794871
1e+06 0 0.000837834280794113 0.000881994523110943 7.78202008910918e-07 1.01583505904055
1e+06 0 1 -2 -2 -2
1e+06 0 1 -2 -2 -2
1e+06 0.25 0.0010140928306075 0.000912069265922709 1.0039624750637e-06 0.996745798099874
1e+06 0 1 -2 -2 -2
1e+06 0 1 -2 -2 -2
1e+06 0 0.000790408808246063 0.000764375117905462 5.91080872540732e-07 0.853302012095105
1e+06 0 1 -2 -2 -2
1e+06 0 0.000935293812209097 0.00115679786992202 1.33857114729591e-06 1.42239495704632
1e+06 0 1 -2 -2 -2
1e+06 0 1 -2 -2 -2
1e+06 0 1 -2 -2 -2
1e+06 0 1 -2 -2 -2
1e+06 0 0.0010321610747655 0.00166976352715063 2.79056934015518e-06 2.90068392033409
1e+06 0 0.000914362267541644 0.00117228252060702 1.3748979083342e-06 1.50263749246983
1e+06 0 1 -2 -2 -2
1e+06 0 1 -2 -2 -2
1e+06 0 1 -2 -2 -2
1e+06 0 1 -2 -2 -2
1e+06 0 1 -2 -2 -2
1e+06 0 1 -2 -2 -2
1e+06 0.294117647058824 0.000529380471791494 0.000504479325225597 4.4300887075961e-07 0.596070312225445
1e+06 0 1 -2 -2 -2
1e+06 0 1 -2 -2 -2
1e+06 0 0.0010101011962357 0.0012516261531034 1.5954176288659e-06 1.50708301860882
1e+06 0 1 -2 -2 -2
1e+06 0 1 -2 -2 -2
1e+06 0 1 -2 -2 -2
1e+06 0 1 -2 -2 -2
1e+06 0 0.00100039654763884 0.00142162962595642 2.02187357645101e-06 1.96467051486877
1e+06 0 1 -2 -2 -2
1e+06 0 1 -2 -2 -2
1e+06 0.35 0.000574314768828582 0.000483010921726171 3.78476302830094e-07 0.527908144834397
1e+06 0 1 -2 -2 -2
1e+06 0.2625 0.000670972812283013 0.000621133566227232 5.51177836300819e-07 0.327543750604691
1e+06 0 1 -2 -2 -2
1e+06 0 1 -2 -2 -2
1e+06 0 1 -2 -2 -2
1e+06 0 1 -2 -2 -2
1e+06 0 1 -2 -2 -2
1e+06 1 0.000567547008122228 7.45482217899469e-05 1.31772500092572e-08 0.0495822275104106
1e+06 0 1 -2 -2 -2
1e+06 0 1 -2 -2 -2
1e+06 0 1 -2 -2 -2
1e+06 0.25 0.000617102828799233 0.000661580917144977 6.49512410554506e-07 0.303369986333613
1e+06 0 1 -2 -2 -2
1e+06 0 1 -2 -2 -2
1e+06 0 0.000649555511390135 0.000595743982591932 4.43934696142443e-07 0.658587432975671
1e+06 1 0.000607400259335331 0.000214016666490946 6.79962027933556e-08 0.16654521227696
1e+06 0 1 -2 -2 -2
1e+06 0 1 -2 -2 -2
1e+06 0 1 -2 -2 -2
1e+06 0 1 -2 -2 -2
1e+06 0 0.000765551640496597 0.000879646037282933 8.17100944370467e-07 1.08701097937152
1e+06 0 1 -2 -2 -2
1e+06 0 0.00105139082707156 0.00144437411255354 2.10484196769498e-06 1.87478311923159
1e+06 0 1 -2 -2 -2
1e+06 0 1 -2 -2 -2
1e+06 0 0.000725165179283934 0.000685390438264425 4.98657466557347e-07 0.75768348941883
1e+06 0 1 -2 -2 -2
1e+06 0.74 0.000703752418190901 0.000202644962574311 4.83625151235451e-08 0.215435166140582
1e+06 0 0.000869732665673044 0.00101115677265234 1.02852808330718e-06 1.21475972943117
1e+06 0 1 -2 -2 -2
1e+06 0 1 -2 -2 -2
1e+06 0.234042553191489 0.00100314303477882 0.000929631459593451 1.03913881409939e-06 1.02588270360699
1e+06 0 1 -2 -2 -2
1e+06 0 1 -2 -2 -2
1e+06 0 1 -2 -2 -2
1e+06 0 1 -2 -2 -2
1e+06 0 0.00103974247433757 0.00153886031908358 2.37087953098426e-06 2.21106707169
1e+06 0 1 -2 -2 -2
1e+06 0.591836734693878 0.000501979869828687 0.000174074025863918 3.69872733817475e-08 0.155853841241686
1e+06 0.306451612903226 0.000687377048545278 0.000496496142320229 3.38389426524736e-07 0.476514069584606
1e+06 0 1 -2 -2 -2
1e+06 0 1 -2 -2 -2
1e+06 0 1 -2 -2 -2
1e+06 0.696428571428571 0.000616935383243022 0.000130299987169283 2.22160261651563e-08 0.131666623520723
1e+06 0.217054263565891 0.000866495068814943 0.00201143828167918 7.18637492024213e-06 0.63275705727146
1e+06 0 0.00105813948500212 0.00177151845475705 3.13869358636895e-06 3.32547666436331
1e+06 0.545454545454545 0.000826653536911052 0.000378061740821771 1.96491939404537e-07 0.413559326071639
1e+06 0 1 -2 -2 -2
1e+06 0.178571428571429 0.00066929276556966 0.000521564149822077 3.38920482837881e-07 0.519091076029538
1e+06 0 0.000965476470019545 0.00151073271816499 2.29517357309339e-06 2.55562526137603
1e+06 0 0.00102426622357269 0.00171390356257383 2.94074816547987e-06 3.30813930091523
1e+06 0 0.000696636549699045 0.000594443737210195 3.91455837803043e-07 0.628068770457561
1e+06 0 1 -2 -2 -2
1e+06 0 1 -2 -2 -2
1e+06 0 1 -2 -2 -2
1e+06 0 0.000896481511908573 0.00103514045531674 1.07692096456035e-06 1.22345632783148
1e+06 0 1 -2 -2 -2
1e+06 0.241758241758242 0.000732397985953536 0.000772070906842066 9.28802311659453e-07 0.344185136816122
1e+06 0 0.000697111476014636 0.000600750469215182 4.13299286169108e-07 0.63437072433271
1e+06 0 0.000894186253110601 0.00091550098964124 8.46837018521307e-07 1.02337284801868
1e+06 0 1 -2 -2 -2
1e+06 0.0731707317073171 0.000897771307961915 0.00075205564698444 5.77564244919676e-07 0.777246200801028
1e+06 0 0.000796045469515662 0.000839816655013001 7.23592675542978e-07 0.96768944092597
1e+06 0 0.000690601016619831 0.000541647737724767 3.22534613322753e-07 0.556497367323392
1e+06 0 1 -2 -2 -2
1e+06 0.329896907216495 0.000886248095451065 0.000830341976011783 1.24310466812333e-06 0.329693103975023
1e+06 0 1 -2 -2 -2
1e+06 0 0.0007742552516095 0.00073321966601409 5.65521774519857e-07 0.798790264542119
1e+06 0 1 -2 -2 -2
1e+06 0 1 -2 -2 -2
1e+06 0.891304347826087 0.000553708470459515 0.000118388999481396 1.70303376745073e-08 0.11370212608153
1e+06 0 1 -2 -2 -2
1e+06 0 0.000985059129990998 0.00112608618765156 1.30415069568244e-06 1.30239801668833
1e+06 0 1 -2 -2 -2
1e+06 0 1 -2 -2 -2
1e+06 0 1 -2 -2 -2
1e+06 0 1 -2 -2 -2
1e+06 0 1 -2 -2 -2
1e+06 0 1 -2 -2 -2
1e+06 0 1 -2 -2 -2
1e+06 0 1 -2 -2 -2
1e+06 0 1 -2 -2 -2
1e+06 0 0.000788168513917118 0.000963798824864686 9.78428094700581e-07 1.26044050639966
1e+06 0 1 -2 -2 -2
1e+06 0 0.000716871200322407 0.000746388609541896 6.27284412514942e-07 0.876455683052528
1e+06 0 0.00103854780692536 0.00159800741527299 2.5539992290937e-06 2.46148567968013
1e+06 0 1 -2 -2 -2
1e+06 0 1 -2 -2 -2
1e+06 0 0.000907287241553984 0.00113482917396683 1.28896208247205e-06 1.42736713819206
1e+06 0 1 -2 -2 -2
1e+06 0 0.000784833101041018 0.000788247527684663 6.31037365634194e-07 0.88948092554473
1e+06 0 1 -2 -2 -2
1e+06 0.411764705882353 0.000855097671811802 0.000539500124714681 3.862721146574e-07 0.602596682372628
1e+06 0 1 -2 -2 -2
1e+06 0 1 -2 -2 -2
1e+06 0 1 -2 -2 -2
1e+06 0 1 -2 -2 -2
1e+06 0 0.00109601289640678 0.0018678177486452 3.4887565584458e-06 3.60896982483999
1e+06 0 0.00079953466436875 0.000726851687948266 5.29165250484532e-07 0.78698487857613
1e+06 0 1 -2 -2 -2
1e+06 0.111940298507463 0.000754302009139463 0.00211812718534772 7.11604948764444e-06 0.664555439393356
1e+06 0 1 -2 -2 -2
1e+06 0 1 -2 -2 -2
1e+06 0 0.000975708995703584 0.00144481384618675 2.09040071367605e-06 2.16799290375813
1e+06 0 1 -2 -2 -2
1e+06 0 1 -2 -2 -2
1e+06 0 1 -2 -2 -2
1e+06 0 0.00107732931186373 0.00181266637632003 3.28583472052591e-06 3.40380562716021
1e+06 0 0.000997696513171045 0.00147535161495233 2.17692406926372e-06 2.14679721964768
1e+06 0 0.00085106743242455 0.000990269885358913 1.00001173532275e-06 1.20775285880676
1e+06 0 0.000794186369492422 0.000689800336381481 4.76770739437826e-07 0.735696899242815
1e+06 0 1 -2 -2 -2
1e+06 0 1 -2 -2 -2
1e+06 0 1 -2 -2 -2
1e+06 0 0.000880576883328272 0.0011561547192418 1.34250461864175e-06 1.54225827704331
1e+06 0.156862745098039 0.000850604034436145 0.00133518857888682 2.43312443215086e-06 0.689754851336554
1e+06 0 1 -2 -2 -2
1e+06 0 1 -2 -2 -2
1e+06 0 1 -2 -2 -2
1e+06 0 1 -2 -2 -2
1e+06 0 0.000640493017814434 0.000658331362973127 5.44302786309736e-07 0.809073718303456
1e+06 0 1 -2 -2 -2
1e+06 0 1 -2 -2 -2
1e+06 0 0.000822091594529383 0.000853854922258934 7.30295609341978e-07 0.983650548443563
1e+06 0.30379746835443 0.00103290798019746 0.000852961564784201 9.91626773486513e-07 0.750131521513217
1e+06 0 1 -2 -2 -2
1e+06 0 0.00091558795320176 0.00127055761753562 1.62244586968461e-06 1.78851822664465
1e+06 0 0.000815814944589692 0.00107974447994194 1.22467830704601e-06 1.53645261010604
1e+06 0.980769230769231 0.000643833757461351 5.7233449781461e-05 5.93693527489958e-09 0.0704432911252428
1e+06 0 1 -2 -2 -2
1e+06 0.125 0.000860836545029594 0.000791463602014019 6.90364136137101e-07 0.894711787937756
1e+06 0 1 -2 -2 -2
1e+06 0 0.000966669458746687 0.00119312692763814 1.4400170374506e-06 1.44535046969389
1e+06 0 1 -2 -2 -2
1e+06 0 1 -2 -2 -2
1e+06 0 1 -2 -2 -2
1e+06 0.244444444444444 0.000977229152002655 0.000905054896372041 1.02913914170687e-06 1.04277212490301
1e+06 0 0.000847400487597723 0.000931060613280441 8.71514279478721e-07 1.08442452425957
1e+06 0 1 -2 -2 -2
1e+06 0 1 -2 -2 -2
1e+06 0 0.000689398672108216 0.000739349193186174 6.44791640240398e-07 0.924478705315751
1e+06 0 1 -2 -2 -2
1e+06 0 1 -2 -2 -2
1e+06 0 1 -2 -2 -2
1e+06 0 1 -2 -2 -2
1e+06 0 1 -2 -2 -2
1e+06 0 1 -2 -2 -2
1e+06 0 1 -2 -2 -2
1e+06 0 1 -2 -2 -2
1e+06 0 1 -2 -2 -2
1e+06 0 1 -2 -2 -2
1e+06 0 1 -2 -2 -2
1e+06 0 1 -2 -2 -2
1e+06 0 1 -2 -2 -2
1e+06 0 0.000883405843048915 0.000938145986031671 8.89102904829268e-07 1.07599717231506
1e+06 0 1 -2 -2 -2
1e+06 0.517241379310345 0.000574357558467704 0.000322656675307333 1.60982128122818e-07 0.291358532690105
1e+06 0 1 -2 -2 -2
1e+06 0.777777777777778 0.000533609193791196 0.000191391417459955 6.43282182804394e-08 0.163416573945273
1e+06 0.4 0.000539055268339815 0.000394394784267578 2.69330017228662e-07 0.387830375976093
1e+06 0 1 -2 -2 -2
1e+06 0.138297872340426 0.000704931150500801 0.00125806181077751 2.10320826654736e-06 0.672472728276898
1e+06 0.335820895522388 0.000798405578522733 0.00190395572209602 6.69905900729732e-06 0.434498471920363
1e+06 0 1 -2 -2 -2
1e+06 0.11864406779661 0.000671280390482532 0.00192653014208613 5.49044321820869e-06 0.705497374362705
1e+06 0 1 -2 -2 -2
1e+06 0.26530612244898 0.00103609625709441 0.000944585823119238 1.18097649140467e-06 1.07199557274829
1e+06 0 1 -2 -2 -2
1e+06 0 1 -2 -2 -2
1e+06 0 1 -2 -2 -2
1e+06 0 1 -2 -2 -2
1e+06 0 1 -2 -2 -2
1e+06 0 1 -2 -2 -2
1e+06 0 1 -2 -2 -2
1e+06 0 1 -2 -2 -2
1e+06 0 0.000747695600592898 0.000970316469288454 1.01239878022391e-06 1.42932644076017
1e+06 0 1 -2 -2 -2
1e+06 0 1 -2 -2 -2
1e+06 0 1 -2 -2 -2
1e+06 0 1 -2 -2 -2
1e+06 0 1 -2 -2 -2
1e+06 0 0.000948211758733494 0.00135877909191863 1.84887356003563e-06 1.96032800420354
1e+06 0 1 -2 -2 -2
1e+06 0.236111111111111 0.000544942967288678 0.000565608730387673 4.33618555712323e-07 0.2876760188668
1e+06 0.150943396226415 0.000717321744341119 0.00147709120507043 3.33000509610788e-06 0.580336950697202
1e+06 0 1 -2 -2 -2
1e+06 0.521739130434783 0.000837250129087781 0.000425750277676494 2.40223194479394e-07 0.378692944267771
1e+06 0.519230769230769 0.0008212527795396 0.000464693708113889 3.29169276468242e-07 0.544978931517062
1e+06 0 1 -2 -2 -2
1e+06 0 1 -2 -2 -2
1e+06 0 0.000969512943281112 0.00132367264892177 1.75338168913691e-06 1.78200361690849
1e+06 0.257575757575758 0.0007143970806017 0.000553915954987889 3.98069864610565e-07 0.486044110012776
1e+06 0 0.00102539132050986 0.00166860065027633 2.78519789749712e-06 2.96067779160587
1e+06 0 1 -2 -2 -2
1e+06 0.208333333333333 0.000713664061852807 0.00158785831865171 4.27234477015522e-06 0.413563769481415
1e+06 0.0689655172413793 0.000663757610080602 0.000506588383674924 3.11409898856795e-07 0.502371180786916
1e+06 0 0.00068542691105395 0.000620549700068474 4.42291172290368e-07 0.681037016690931
1e+06 0 1 -2 -2 -2
1e+06 0 1 -2 -2 -2
1e+06 0 1 -2 -2 -2
1e+06 0 1 -2 -2 -2
1e+06 0 1 -2 -2 -2
1e+06 0 0.000869761111471796 0.00109147531856684 1.20075629744644e-06 1.39836194401715
1e+06 0 1 -2 -2 -2
1e+06 0 0.0010108613393993 0.00155566363916222 2.42053112719342e-06 2.43878347289029
1e+06 0 0.00077192624552098 0.000683108278777584 4.67910783783843e-07 0.740924981638738
1e+06 0 0.000988916143928286 0.00139494084247971 1.94616619016324e-06 1.92347066211581
1e+06 0 1 -2 -2 -2
1e+06 0.196428571428571 0.000784427912857137 0.00128035704989129 2.72710126935752e-06 0.434081365439531
1e+06 0.5 0.000929060942646595 0.000624041925385891 5.9109929503259e-07 0.668002041171934
1e+06 0 0.000770244601827921 0.000841278442691635 7.63470265814093e-07 1.00641810000488
1e+06 0 1 -2 -2 -2
1e+06 0 1 -2 -2 -2
1e+06 0 1 -2 -2 -2
1e+06 0 0.00103201799918508 0.00156994581230283 2.46515473690139e-06 2.37473070788762
1e+06 0 1 -2 -2 -2
1e+06 0 1 -2 -2 -2
1e+06 0 1 -2 -2 -2
1e+06 0 1 -2 -2 -2
1e+06 0 1 -2 -2 -2
1e+06 0 1 -2 -2 -2
1e+06 0 1 -2 -2 -2
1e+06 0 0.00105719568067316 0.00136163746841114 1.9160788602795e-06 1.66400277754219
1e+06 0.754385964912281 0.000669387472733539 0.0002405860944627 8.73645746009724e-08 0.2601613559043
1e+06 0 0.000891770339958938 0.00122389539463334 1.50766794139475e-06 1.71975574050949
1e+06 0 1 -2 -2 -2
1e+06 0 1 -2 -2 -2
1e+06 0 1 -2 -2 -2
1e+06 0 1 -2 -2 -2
1e+06 0 1 -2 -2 -2
1e+06 0 1 -2 -2 -2
1e+06 0.619047619047619 0.000679072623298871 0.000328492330068943 1.106022996861e-07 0.337207190971726
1e+06 0.476190476190476 0.000723939297553826 0.000464834441812167 2.50027401372296e-07 0.528809366467945
1e+06 0 0.000782041130394981 0.00102290040398979 1.13855178133021e-06 1.46918092548125
1e+06 0.533333333333333 0.000729990209338459 0.000360195660184708 1.34868279964961e-07 0.368782823759611
1e+06 0 1 -2 -2 -2
1e+06 0 1 -2 -2 -2
1e+06 0 1 -2 -2 -2
1e+06 0 1 -2 -2 -2
1e+06 0.207920792079208 0.000970256179009407 0.00117790500229308 1.95260875230803e-06 0.604930360861196
1e+06 0 0.000708984663480374 0.000735294705421213 5.93322482695514e-07 0.874406577656344
1e+06 0 1 -2 -2 -2
1e+06 0.411764705882353 0.00104919882635441 0.000759007360569587 8.23616667031567e-07 0.768599835081067
1e+06 0.23469387755102 0.00101967432513528 0.00109649141817592 1.66517206562912e-06 0.691644633838637
1e+06 0 1 -2 -2 -2
1e+06 0 1 -2 -2 -2
1e+06 0 1 -2 -2 -2
1e+06 0 1 -2 -2 -2
1e+06 0 1 -2 -2 -2
1e+06 0 0.00079888517372049 0.00095598521871087 9.4634580448376e-07 1.21576069852464
1e+06 0 1 -2 -2 -2
1e+06 0.523809523809524 0.000908550009865075 0.000502776044568656 3.45118524728539e-07 0.510607407022009
1e+06 0 0.000723864225806337 0.000871498532132734 8.49738551790411e-07 1.1850460181926
1e+06 0.265822784810127 0.000708628185294134 0.000604217485360693 5.06174386729092e-07 0.360849065278279
1e+06 0 0.000952198962594586 0.00144444852718901 2.09510483987111e-06 2.29633001693336
1e+06 0 1 -2 -2 -2
1e+06 0 1 -2 -2 -2
1e+06 0.938461538461538 0.000636627176316418 0.000255620907385006 9.28796356472687e-08 0.137442168894145
1e+06 0 1 -2 -2 -2
1e+06 0 1 -2 -2 -2
1e+06 0.216 0.00100452015359939 0.0017457725432205 4.89302561595506e-06 0.672068156249412
1e+06 0.975609756097561 0.000673822698601022 0.000294870896495621 9.36452298106743e-08 0.261754305590612
1e+06 0 1 -2 -2 -2
1e+06 0 1 -2 -2 -2
1e+06 0 0.000941720816341817 0.00130917125969094 1.71766521067938e-06 1.81783601149467
1e+06 0 1 -2 -2 -2
1e+06 0 0.000802406214106915 0.000698450075657455 4.95971909813326e-07 0.730507662797469
1e+06 0 0.000953570710141679 0.001431778828939 2.05814626831891e-06 2.22853946289429
1e+06 0 1 -2 -2 -2
1e+06 0 1 -2 -2 -2
1e+06 0 1 -2 -2 -2
1e+06 0 1 -2 -2 -2
1e+06 0 0.00076388429860838 0.00100493493859464 1.09246665994997e-06 1.47741294656833
1e+06 0.363636363636364 0.000457328321303252 0.00035929641162217 2.21099078777283e-07 0.397710635016176
1e+06 0.833333333333333 0.000574484175224504 0.000238109820829164 7.41085507089009e-08 0.222938094036609
1e+06 0 1 -2 -2 -2
1e+06 0 1 -2 -2 -2
1e+06 0 1 -2 -2 -2
1e+06 0.0731707317073171 0.0010236859501244 0.00104071293247822 1.16642364309173e-06 1.13793473665425
1e+06 0.447761194029851 0.000651155103988383 0.00207666414609473 9.02682580276052e-06 0.441295770228063
1e+06 0 0.000841222404850565 0.00100776531811002 1.03566148670693e-06 1.25199228112275
1e+06 0.194029850746269 0.00107379586612781 0.00202347304610077 6.72450141868272e-06 0.734463638040203
1e+06 0 0.001050741482834 0.00148044280203778 2.20627454408126e-06 1.97669547189279
1e+06 0 0.00108286119978883 0.00140999355418473 2.07309003697513e-06 1.73640315907867
1e+06 0 1 -2 -2 -2
1e+06 0 0.000781048044422461 0.000958918362762617 1.00829366720939e-06 1.28506695466987
1e+06 0.5 0.00044631926841498 0.000228624374945453 6.03953996867959e-08 0.240844802990455
1e+06 0.88 0.000674492597215374 0.000142092761225422 2.32639222503728e-08 0.148871151100986
1e+06 0 0.000950962453538573 0.00121605190222436 1.47968736617329e-06 1.52599124263429
1e+06 0 0.000758363902764504 0.00078268250694853 6.33376006276525e-07 0.897846426186211
1e+06 0 1 -2 -2 -2
1e+06 0.27906976744186 0.000805028249981534 0.000567705326256605 3.432934981252e-07 0.6064796236061
1e+06 0 1 -2 -2 -2
1e+06 0 1 -2 -2 -2
1e+06 0 1 -2 -2 -2
1e+06 0 1 -2 -2 -2
1e+06 0 0.000914035529832029 0.00100655292384721 1.04357656121243e-06 1.16839254381975
1e+06 0 0.000998447478960534 0.00148167060867315 2.19589145947838e-06 2.18911391217941
1e+06 0 0.00104883383673434 0.00150724559109201 2.2796944697824e-06 2.06680241798083
1e+06 0 1 -2 -2 -2
1e+06 0 0.000999587338051995 0.00161218134255345 2.60716624526255e-06 2.85195418374602
1e+06 0 1 -2 -2 -2
1e+06 0 1 -2 -2 -2
1e+06 0 0.000708352582820221 0.000764015872713737 6.88676456405382e-07 0.935276599227937
1e+06 0.186046511627907 0.000750353283068557 0.000929895524676095 1.13869010392411e-06 0.568831284550294
1e+06 0 1 -2 -2 -2
1e+06 0 1 -2 -2 -2
1e+06 0.473684210526316 0.000891697583531379 0.000557356402508028 4.8511075943474e-07 0.636009906767187
1e+06 0.454545454545455 0.000758248391285232 0.000449589499357117 3.13868444252322e-07 0.255193826976577
1e+06 0 0.000705425370646327 0.000769252769410815 6.83732589191358e-07 0.949372356917736
1e+06 0.650793650793651 0.000817134776817118 0.000307660745350866 1.27410986982244e-07 0.303113818218197
1e+06 0 0.00107316485883087 0.00171675180359063 2.94769880650734e-06 2.81100699063729
1e+06 0.166666666666667 0.000411835947313748 0.000422431431820796 2.01468549987883e-07 0.331130834467795
1e+06 0 1 -2 -2 -2
1e+06 0 0.000876330413474817 0.00120348469821581 1.46757999087824e-06 1.71081101792704
1e+06 0.125 0.000802721621351222 0.00064096758742392 4.26353439079833e-07 0.692166516418262
1e+06 0 1 -2 -2 -2
1e+06 0 1 -2 -2 -2
1e+06 0 1 -2 -2 -2
1e+06 0 1 -2 -2 -2
1e+06 0 0.000877476082385833 0.00105915071297683 1.12589244408227e-06 1.30010944357034
1e+06 0 1 -2 -2 -2
1e+06 0 1 -2 -2 -2
1e+06 0 1 -2 -2 -2
1e+06 0.211267605633803 0.00050871970284336 0.000619532069570731 5.17946701398026e-07 0.322359122782139
1e+06 0 1 -2 -2 -2
1e+06 0 1 -2 -2 -2
1e+06 0 1 -2 -2 -2
1e+06 0 1 -2 -2 -2
1e+06 0.193548387096774 0.000640407490600886 0.00107401832923586 1.77851876761456e-06 0.449937790693663
1e+06 0 1 -2 -2 -2
1e+06 0 1 -2 -2 -2
1e+06 0 1 -2 -2 -2
1e+06 0 0.000972428047843492 0.00139642865408404 1.95092660380872e-06 1.98535129634107
1e+06 0 1 -2 -2 -2
1e+06 0 1 -2 -2 -2
1e+06 0 0.00105160691469214 0.00160222728189335 2.56756143331375e-06 2.42255725380867
1e+06 0.693548387096774 0.000746077407727817 0.000325763498473621 1.4761237156593e-07 0.323903229067038
1e+06 0 1 -2 -2 -2
1e+06 0 1 -2 -2 -2
1e+06 0 1 -2 -2 -2
1e+06 0 1 -2 -2 -2
1e+06 0 0.000932588035986783 0.0013943113258663 1.96819906488656e-06 2.2028229224234
1e+06 0 1 -2 -2 -2
1e+06 0 1 -2 -2 -2
1e+06 0 0.000723517873727941 0.000793078426035701 6.9749483461499e-07 0.973909176926537
1e+06 0 1 -2 -2 -2
1e+06 0 0.000778741756045327 0.000790985797385098 6.34345729257719e-07 0.896340853396302
1e+06 0 1 -2 -2 -2
1e+06 0 1 -2 -2 -2
1e+06 0 1 -2 -2 -2
1e+06 0 0.000829150442067301 0.00108151541837919 1.2166989825097e-06 1.48322867652441
1e+06 0 1 -2 -2 -2
1e+06 0.32 0.000987391757252204 0.000832017836853539 9.91016862978851e-07 0.970405601469361
1e+06 0 0.00102175105568213 0.00166054646340072 2.75943338895637e-06 2.94436967208484
1e+06 0.125 0.00063208993654023 0.000662523923730949 5.78220685386846e-07 0.843223669792634
1e+06 0 1 -2 -2 -2
1e+06 0 0.00107035437542312 0.00179804277512587 3.23347271867975e-06 3.37509079821496
1e+06 0 1 -2 -2 -2
1e+06 0 0.00110892216667926 0.00187951128589868 3.53289199932101e-06 3.53174488900845
1e+06 0 1 -2 -2 -2
1e+06 0 1 -2 -2 -2
1e+06 0.217391304347826 0.000971670942992939 0.00089355821928418 9.69662919816147e-07 1.00099879808628
1e+06 0.168067226890756 0.000598437184560292 0.00179450702434287 5.32181031169711e-06 0.493580978623558
1e+06 0.17910447761194 0.000674655768174212 0.00211342375881158 8.89192299989978e-06 0.510433960409703
1e+06 0.454545454545455 0.00100682827696568 0.00074508943955208 8.59546503668877e-07 0.795928326373968
1e+06 0 1 -2 -2 -2
1e+06 0 1 -2 -2 -2
1e+06 0.304347826086957 0.000615162665293113 0.000511108458528102 3.83954876487493e-07 0.533624264093099
1e+06 0 1 -2 -2 -2
1e+06 0 0.000645890260517032 0.000696362393462744 6.18398128682608e-07 0.89380801330809
1e+06 0.102362204724409 0.000600290010129265 0.00191574024524093 5.51144250838721e-06 0.557412139140681
1e+06 0 1 -2 -2 -2
1e+06 0 0.00101143702050219 0.00154079258937823 2.37454482581347e-06 2.36466201390013
1e+06 0 1 -2 -2 -2
1e+06 0 1 -2 -2 -2
1e+06 0.46 0.000895871844444265 0.000646733160389725 6.51590080200707e-07 0.780306309767594
1e+06 0 1 -2 -2 -2
1e+06 0 0.000994788841113863 0.00156121906299097 2.44193425583537e-06 2.58849332506781
1e+06 0 1 -2 -2 -2
1e+06 0 1 -2 -2 -2
1e+06 0 1 -2 -2 -2
1e+06 0.527272727272727 0.000510439506206095 0.000257701554517545 8.37249332282657e-08 0.175702846957829
1e+06 0.225 0.000619108698281523 0.000724653520007971 7.48492580743564e-07 0.367445890613942
1e+06 0 1 -2 -2 -2
1e+06 0 1 -2 -2 -2
1e+06 0 1 -2 -2 -2
1e+06 0.392857142857143 0.000447293311160338 0.000298881708938229 1.42613301076045e-07 0.310639645815955
1e+06 0 1 -2 -2 -2
1e+06 0 0.000878430802488013 0.00116285024236585 1.3790251262615e-06 1.58261448312048
1e+06 0 0.0010718736663515 0.00171381693908352 2.93753703355329e-06 2.80572434064767
1e+06 0 0.00110877250468946 0.00189478607388493 3.59029769262595e-06 3.6613848850357
1e+06 0 0.000977503451206479 0.00146709324832613 2.15593327291818e-06 2.24209949063886
1e+06 0.150943396226415 0.000722924172935537 0.00141019212022068 3.27338890021608e-06 0.48633330894777
1e+06 0 1 -2 -2 -2
1e+06 0 1 -2 -2 -2
1e+06 0.142857142857143 0.000675238986787647 0.00132474229276207 2.61000046017382e-06 0.522982914868645
1e+06 0 1 -2 -2 -2
1e+06 0 1 -2 -2 -2
1e+06 0 0.00108567309628852 0.00174365161478604 3.04158174366351e-06 2.85783817101991
1e+06 0.27906976744186 0.000373062877940437 0.000334589461977496 1.29217094907621e-07 0.337519030007026
1e+06 0 1 -2 -2 -2
1e+06 0 1 -2 -2 -2
1e+06 0 0.000891428898510648 0.00110235205573539 1.21731631049828e-06 1.38171557392362
1e+06 0.175824175824176 0.000627110019119099 0.000950039533112105 1.31064420698739e-06 0.423086250987162
1e+06 0.688524590163934 0.000766086846655196 0.000272413286808851 1.01933441030049e-07 0.274901867698737
1e+06 0 1 -2 -2 -2
1e+06 0 0.0010318638429765 0.0016696566287928 2.78884805979e-06 2.90305353428251
1e+06 0.254716981132075 0.000991118291378231 0.00113899206718903 2.08706595026426e-06 0.4974883193214
1e+06 0.203252032520325 0.000944808942275734 0.00161114653306051 4.24735611225339e-06 0.599511230426018
1e+06 0 1 -2 -2 -2
1e+06 0 0.000896631248308979 0.00123411745669754 1.53691187105834e-06 1.7289489745802
1e+06 0 0.000873899456871035 0.000829852873163756 6.97921668614644e-07 0.909137471771711
1e+06 0.591836734693878 0.000738527205333537 0.000295200173243065 9.74912182426309e-08 0.307073012523047
1e+06 0 1 -2 -2 -2
1e+06 0 1 -2 -2 -2
1e+06 0.0970149253731343 0.000565976502103152 0.00213390803188353 6.96837257161909e-06 0.545689407106738
1e+06 0 1 -2 -2 -2
1e+06 0 1 -2 -2 -2
1e+06 0 1 -2 -2 -2
1e+06 0 1 -2 -2 -2
1e+06 0 1 -2 -2 -2
1e+06 0.0952380952380952 0.00101534040402477 0.00103596795708893 1.19657066663148e-06 1.15007003459887
1e+06 0 1 -2 -2 -2
1e+06 0.11864406779661 0.000633515238894355 0.00184332646848474 5.17787183542544e-06 0.611460223969986
1e+06 0 1 -2 -2 -2
1e+06 0 1 -2 -2 -2
1e+06 0 1 -2 -2 -2
1e+06 0 0.00110533367737381 0.00171122024635185 2.94054237892471e-06 2.56341815389319
1e+06 0 1 -2 -2 -2
1e+06 0 0.00100710098402022 0.00164542194241497 2.70980370707344e-06 2.99949092489968
1e+06 0 0.000763528839134725 0.00101942925149549 1.1241756126375e-06 1.53665840616295
1e+06 0.208955223880597 0.000938935403584753 0.00186994761192297 6.35251849274164e-06 0.57666465249103
1e+06 0.857142857142857 0.00055302452928151 0.000117395671492687 2.33996267149568e-08 0.133950116347237
1e+06 0 1 -2 -2 -2
1e+06 0 1 -2 -2 -2
1e+06 0 0.00103903142157186 0.00146927431056908 2.16768225013935e-06 1.98384165600883
1e+06 0 1 -2 -2 -2
1e+06 0 0.00103787994784627 0.00172859321565711 2.98915820390551e-06 3.2436845033786
1e+06 0 0.000749225830863166 0.000858117267885426 7.81402772887131e-07 1.07649306482947
1e+06 0 1 -2 -2 -2
1e+06 0 0.000791365523838011 0.000951643588866202 9.48863454850535e-07 1.22464517336518
1e+06 0 1 -2 -2 -2
1e+06 0 1 -2 -2 -2
1e+06 0 1 -2 -2 -2
1e+06 0.123595505617978 0.000637934486141385 0.00116058700116068 1.75753853829269e-06 0.623704890554547
1e+06 1 0.000537309820043908 0.00014447611931879 3.63385113433125e-08 0.121699114504646
1e+06 0 1 -2 -2 -2
1e+06 0 1 -2 -2 -2
1e+06 0 1 -2 -2 -2
1e+06 0.486486486486487 0.000719162656702857 0.000394070565050937 2.17829088881548e-07 0.24695462550399
1e+06 0 1 -2 -2 -2
1e+06 0.418181818181818 0.000902769563923176 0.000550956575384303 4.32471799489174e-07 0.611611336409135
1e+06 0 1 -2 -2 -2
1e+06 0 0.00104396785279596 0.00151280276085465 2.29451175603605e-06 2.10491356175787
1e+06 1 0.000711791695926765 0.000123379054603566 2.7364872228846e-08 0.0832237126891504
1e+06 0 0.00090437262249999 0.00124612970831993 1.56287857210712e-06 1.75083792736048
1e+06 0.196969696969697 0.000485254872693941 0.000519784755968458 3.41621148956229e-07 0.301882018208865
1e+06 0.775510204081633 0.00066322666240239 0.00016216856382126 3.9198526075937e-08 0.193099806526034
1e+06 0 1 -2 -2 -2
1e+06 0 0.000814536713719905 0.00107325658454968 1.19133835545047e-06 1.50559739164866
1e+06 0 1 -2 -2 -2
1e+06 0 1 -2 -2 -2
1e+06 0 1 -2 -2 -2
1e+06 0 1 -2 -2 -2
1e+06 0 1 -2 -2 -2
1e+06 0 1 -2 -2 -2
1e+06 0 1 -2 -2 -2
1e+06 0 1 -2 -2 -2
1e+06 0.201492537313433 0.000860109004957783 0.00197494498898117 7.27820327962754e-06 0.552377058861104
1e+06 0 1 -2 -2 -2
1e+06 0.164179104477612 0.000999081193789785 0.00220537909822968 8.00795603493207e-06 0.747934309624029
1e+06 0 1 -2 -2 -2
1e+06 0 1 -2 -2 -2
1e+06 0 0.000856734072424118 0.00111483009107538 1.2601656110413e-06 1.49546169281714
1e+06 0 1 -2 -2 -2
1e+06 0 1 -2 -2 -2
1e+06 0.164179104477612 0.000696984677330588 0.00219173249811485 8.4793606331894e-06 0.565034481334722
1e+06 0 0.000780586923465134 0.000793902143424314 6.49747523950631e-07 0.896115160364093
1e+06 0 1 -2 -2 -2
1e+06 0 1 -2 -2 -2
1e+06 0 0.000920041169058003 0.00134344444483276 1.81620461760056e-06 2.04075124175544
1e+06 0 0.000778981110611946 0.000683706290888159 4.68572422288811e-07 0.738388902694039
1e+06 0 1 -2 -2 -2
1e+06 0 1 -2 -2 -2
1e+06 0 1 -2 -2 -2
1e+06 0 1 -2 -2 -2
1e+06 0 1 -2 -2 -2
1e+06 0 0.000845788074167441 0.00104518896612107 1.09992453174596e-06 1.32072359795915
1e+06 0 1 -2 -2 -2
1e+06 0 0.000728073085947862 0.000705036214932098 5.37420600940676e-07 0.783190117748296
1e+06 0 1 -2 -2 -2
1e+06 0 1 -2 -2 -2
1e+06 0 1 -2 -2 -2
1e+06 0 1 -2 -2 -2
1e+06 0 0.00105017989645928 0.00131681239023168 1.78421366304819e-06 1.58187752323169
1e+06 1 0.000613023146635183 0.000167339379012424 3.41190929277681e-08 0.141487651067355
1e+06 0 1 -2 -2 -2
1e+06 0 1 -2 -2 -2
1e+06 0 1 -2 -2 -2
1e+06 0 1 -2 -2 -2
1e+06 1 0.00054235503658252 0.000109233602947292 1.54153035726318e-08 0.0976077215010661
1e+06 0 1 -2 -2 -2
1e+06 1 0.000565176276015897 6.31519163246472e-05 8.04202940784578e-09 0.0434883476487493
1e+06 0.321428571428571 0.000416906912333212 0.000316710384059333 1.51414326345616e-07 0.343458386477768
1e+06 0 0.00105119952938106 0.0016107527377947 2.59565384295104e-06 2.43978425387704
1e+06 0 0.00099236244082958 0.00155614574551342 2.42804392687704e-06 2.57761209226142
1e+06 0.132743362831858 0.00083836496800986 0.00169015948396825 4.05281265353417e-06 0.739019052368972
1e+06 0 1 -2 -2 -2
1e+06 0 1 -2 -2 -2
1e+06 0 1 -2 -2 -2
1e+06 0 1 -2 -2 -2
1e+06 0 1 -2 -2 -2
1e+06 0 0.000649344814016504 0.000779901094330046 7.68863740938522e-07 1.13721346767849
1e+06 0 1 -2 -2 -2
1e+06 0 1 -2 -2 -2
1e+06 0 1 -2 -2 -2
1e+06 0 1 -2 -2 -2
1e+06 0 1 -2 -2 -2
1e+06 0 1 -2 -2 -2
1e+06 0 0.000977554980839308 0.00130130403674088 1.69997815846645e-06 1.67595634863685
1e+06 0 1 -2 -2 -2
1e+06 0.271428571428571 0.000821497575919928 0.000703362601358266 6.71390567753147e-07 0.640954772394055
1e+06 0 1 -2 -2 -2
1e+06 0 1 -2 -2 -2
1e+06 0 1 -2 -2 -2
1e+06 0 0.00097491945792806 0.00148653834223368 2.21982568624022e-06 2.36207892512311
1e+06 0 1 -2 -2 -2
