# [M_PNS/R_PNS**2],frequency [Hz]
0.000259971486530203,45.4411059281152
0.000249741131924454,70.7227920331395
0.0002677720549534,90.0257791786347
0.000285579609776658,136.840617818933
0.000304106604090197,172.403206135235
0.000338521526274267,168.405685194383
0.000360200637509731,200.97161399544
0.000425484833963673,278.726201849386
0.000451251892744141,284.100907235864
0.000500091388627382,348.45817997764
0.000528438856135587,331.965101883383
0.000583743929019211,387.558864635993
0.000644289925709583,418.745322895188
0.00071083772110576,477.392045824736
0.000748251840322384,528.243962974105
0.000824758726932061,489.170631659437
0.000867274450178655,537.179072833854
0.000911606783018553,572.822276257891
0.00100404639691979,608.579867828018
0.00105494722382295,636.237156403923
0.00110822131092544,667.383262663617
0.0011640504222376,692.691181499202
0.00122255617529119,720.738333944983
0.00128387885254301,742.333865483866
0.00134818222883786,761.516329777871
0.00141563981658888,780.276233028333
0.00148638802429299,803.232958822937
0.00148862138662746,810.771524762826
0.00156291512463732,821.336451163069
0.00164087379284196,990.600002605851
0.00172264514976109,1001.93904290932
0.00172492039853856,1014.5647154991
0.00181299534189255,1042.4530520263
0.00190313401922661,1053.31434016047
0.00190538036347153,1071.20576256361
0.00200004099611933,1077.48076669094
0.00200229499596223,1096.39266923881
0.00210172944986748,1105.1937299071
0.00210400667316358,1125.02097500181
0.00220842920887871,1133.76521623724
0.00221074631640163,1122.38772465671
0.00244032377730975,1171.80425364099
0.00244270192867113,1181.38535467085
0.00256370438085582,1192.66479657216
0.00256615741996321,1202.45601743616
0.00256856202399071,1211.66885426407
0.00269576146176783,1221.70636306782
0.00269821588280226,1230.34274460647
0.00283177018134111,1240.00637691007
0.00283432894118077,1248.6873058079
0.00312984280237163,1289.48693507911
0.00313247302575809,1297.03927506157
0.00313505963700483,1304.526611216
0.00329004638489192,1311.96633911399
0.00329273990932713,1318.83721765681
0.003295380245594,1325.76819732014
0.00329797938139822,1332.33017306828
0.00346094900067167,1338.65856922775
0.00346365269618625,1344.99120625338
0.00364566149727689,1374.47082106604
0.00364832035912078,1380.05301882093
0.00382843490349503,1385.34079430712
0.00383121742006856,1390.54242457877
0.00383395975988944,1395.63737796659
0.00402317526156819,1400.6196042521
0.00402601863530424,1405.46529708759
0.00402884679746351,1410.32755780806
0.00445128435128139,1440.54138475669
0.00445417015851839,1444.51088038672
0.00467377395774294,1448.5903716714
0.00467689741861838,1452.66055449899
0.00468001387348412,1456.40948653212
0.00468297316772819,1458.90094474288
0.00468583662338757,1462.1243497788
0.00468878798422484,1466.90043063108
0.00491984423545532,1470.07380335093
0.00492289820910682,1473.00155424058
0.00492597873464622,1476.47831644462
0.00492896977920522,1479.82294789947
0.00493194728374337,1483.17869143159
0.00493498835400319,1486.34209010735
0.00493792364747246,1488.0903973748
0.00494084758892682,1491.17047626803
0.00494376843386514,1494.23306243187
0.00494668040186499,1497.40059602337
0.00494956816848194,1500.66488881439
0.00495245390667687,1502.94197948189
0.00519634923736738,1505.5700524867
0.0051993948519638,1507.97247853081
0.00520244707103957,1510.93688503305
0.00520539648743593,1513.04798815418
0.00520825306388382,1515.96861251606
0.00521116399879027,1518.82166202193
0.00521406447452668,1520.40975011851
0.00521698895617581,1523.95518750934
0.00521983859792575,1525.18257005512
0.0052226830277562,1527.31894517306
0.00522551705148178,1529.47184637075
0.00522834403791048,1531.69871085783
0.00523115751846231,1534.03850148944
0.00523398278649667,1536.62529768525
0.00523681194388694,1539.70835826962
0.00523961387798097,1541.67076852303
0.00524239494516767,1543.51715593525
0.00524517425048713,1545.80094626667
0.00550820256937615,1547.6079025375
0.00551116269366347,1549.51474763187
0.00551421902393918,1551.94795119401
0.00551714984884561,1553.45509699292
0.00551999074230467,1556.00297738465
0.00552281103624241,1558.59271048815
0.00552562090924322,1560.46823601303
0.00552842231062532,1562.24843413301
0.00553120692841343,1563.79416694769
0.00553397544091321,1564.62572261093
0.0055367334701096,1566.36351442178
0.0055394819564759,1568.07703957112
0.00554221788488059,1569.76276271497
0.00554493192805284,1571.37378905827
0.00554763824890119,1572.67368044254
0.00555034022541808,1574.39862057679
0.00555302252995978,1575.60839195505
0.00555569768415656,1576.75945354138
0.00555835981541097,1579.89670250109
0.00556101394056114,1582.21276459516
0.00556366559518987,1583.82120137319
0.00556630997352588,1585.66104908024
0.00556894102896481,1587.2541700058
0.00557156704314164,1588.7754125342
0.00557422609146939,1590.44066963627
0.00557684323667983,1592.00782655807
0.00586528603635275,1593.57402568012
0.00586806623919674,1594.77645331963
0.00587081023197485,1596.29071152665
0.00587358034716424,1597.50801471886
0.00587631734856193,1599.87945575006
0.00587897052315202,1598.89681411819
0.00588167460849552,1599.88145934429
0.00588436581053443,1600.96682391136
0.00588703147571059,1603.26705621379
0.00588967111634843,1605.60477848531
0.00589231010591855,1606.95357880831
0.00589493311269556,1607.03859148136
0.00589754526301486,1608.14268271381
0.0059001465743546,1609.31946504476
0.00590276564672631,1609.56070492336
0.00590535771585705,1610.78135341071
0.00590794134251859,1612.27778999799
0.00591051396450822,1613.60650674174
0.00591307732425491,1614.89117542168
0.00591562312993084,1616.12840180102
0.00591816919611304,1617.0617738504
0.0059207246177131,1619.36089199696
0.0059232567805008,1620.7503208864
0.00592578218384742,1622.53892073863
0.00592829969550412,1624.37276445165
0.00593578927099275,1627.8579544236
0.00593826997254909,1629.17342581152
0.00594077783804284,1630.23144708794
0.0059551267139863,1637.81421999892
0.000261140954497592,50.4615132826101
0.000267585576172925,68.0660073625354
0.000284548945243367,98.9981661989415
0.000302507268256859,107.556373903222
0.000321456828119426,160.197951094167
0.000341445594175654,148.050927859727
0.000384325670957249,242.653607113355
0.000407152739352052,260.471959123253
0.00047682368956364,302.864969069488
0.000503042765352797,338.528016872961
0.000555189878847281,335.953131279073
0.000584679121855727,370.552813354327
0.000615506044071751,414.079253820252
0.000678569883543222,449.802976394469
0.000713782443725274,411.586017416931
0.000750450735676212,518.454623762802
0.000788780502366944,474.298982929897
0.000828867834647891,495.923930055479
0.000870872695587528,528.002094733809
0.000914800495518423,555.695273853434
0.000960841529228312,577.632667611176
0.00100910097580015,598.185803304918
0.00105968201131472,617.125832899068
0.00111271315540637,642.482344399389
0.0011683216107617,655.885427141792
0.00117018317627658,672.899370672005
0.00122857179284386,689.990641498388
0.00128982212496707,704.564418512744
0.00135398164189813,718.675923912731
0.00135585077343146,732.949505085196
0.00142501669373405,749.74760998083
0.00149575327154929,766.303359015561
0.00149752730482675,763.778050686593
0.00157179965875043,750.707568969301
0.00157358006809104,758.54730299355
0.00165156160622287,762.062120749641
0.00165336010467016,940.944222222083
0.0017352329063713,950.665814770085
0.00173706631490051,956.839389079622
0.00191701844255264,992.303559125541
0.00191884301049623,996.202930473638
0.00192062252347641,1009.84570607732
0.00201557666893023,1013.95118419966
0.00201740093845943,1020.76481688219
0.00201917812336657,1026.40145071933
0.00211894789959062,1038.84266866903
0.00212078421496106,1044.79299463903
0.00212258894118036,1029.79809141832
0.00234311356660547,1063.71230845775
0.00234497471203937,1069.31726538791
0.00234679867519844,1082.88271992469
0.00246257411565631,1089.19012406437
0.00246447141532879,1093.84871457641
0.00246634050532928,1101.79034232335
0.0024681650792151,1107.55740217039
0.0025898554180636,1112.84138479685
0.00259176359744438,1118.10243728142
0.00272737696962217,1145.80772373391
0.00272925994984963,1150.67788918394
0.00286375267713989,1155.81074658769
0.00286571398192217,1160.4972886678
0.00286764304488115,1165.24136471656
0.00286955071097924,1170.08750397661
0.00287144202722999,1174.57068526389
0.00301287873427277,1178.90949823556
0.00317325199905662,1206.99154405365
0.00317520083667851,1210.7760470988
0.00317713272300066,1214.6273199814
0.00317904711009252,1218.51161513285
0.0033355056621963,1222.32681137466
0.00333751961750059,1226.03620911616
0.0033395048171457,1229.57343476693
0.00334147228334459,1233.05855723304
0.0033434169158922,1236.40402213264
0.00334534666521435,1239.80885993189
0.0035099120978393,1243.10918816513
0.00351192251894316,1246.32720521216
0.00351391565353887,1249.42900596566
0.00351589565636863,1252.49086283762
0.0035178580548837,1255.60881069566
0.00351981108069875,1258.77297373042
0.00352174883577568,1261.71450621583
0.00369491086486762,1264.80666479759
0.00369694356304998,1267.60257269226
0.00369895309930925,1270.65418699839
0.00370095089696099,1273.66246677984
0.00370294587315877,1276.56792194219
0.00370492441162345,1279.44364818018
0.00370688379569729,1282.30719510116
0.00388911188939822,1284.92172222058
0.00389117066695719,1287.64431333208
0.00389321630236678,1290.3797135673
0.00389524041466216,1292.87145394871
0.00389725480148189,1295.35760001357
0.0038992639585138,1297.92153521927
0.00409089897999649,1300.37599807375
0.00409298951123959,1302.8205260757
0.00409506316295489,1305.13833920902
0.00429631002413298,1307.45668492043
0.00429847817196471,1309.75695637603
0.00430063263159138,1312.04450489409
0.00430278332308641,1314.35126858873
0.00451418769709394,1316.69117730602
0.00451637904908618,1319.12542664973
0.0045185792315275,1321.4566463166
0.00452082550012505,1323.70034586799
0.00452308871524285,1325.88614440839
0.00452534135129495,1327.72717313283
0.00474765570901088,1329.7528880286
0.0047499287451664,1330.9027534678
0.00475206127787439,1332.90753116119
0.00475420149918772,1335.83160920929
0.00475635594078558,1338.02989556322
0.00476078870733906,1342.13598435981
0.0047629555983919,1344.15166873461
0.00476510951314167,1346.36939688917
0.00476733692391579,1348.1457790132
0.00476959058159901,1349.75709620163
0.00477176962202184,1350.94461765553
0.00477391250905089,1351.66730620069
0.00477602857024054,1353.42232241543
0.00477813669489615,1355.11848801985
0.00478023570607045,1356.87918288397
0.00501486428826368,1358.42114109117
0.00501708357789541,1360.48709691693
0.00501930274352495,1362.32180229666
0.00502153466270654,1363.69607206901
0.00502375334352606,1365.25622159865
0.00502595129496589,1367.6729859611
0.00502801473567756,1369.3621844526
0.00503012717894763,1371.0813972213
0.00503223257734035,1372.41684410816
0.0050343325324504,1374.2570426095
0.00503643228384749,1375.87306586673
0.00503853579001338,1377.69155071564
0.00504072229366618,1379.3589202867
0.00504282200797168,1379.3166904651
0.00504488465489761,1379.75076867436
0.00504694412287503,1380.91897001832
0.00504899560320843,1382.42194818883
0.00505104159469515,1383.99880061648
0.00505309124998689,1385.57398152932
0.00505515738909873,1387.24737244366
0.00530315105651258,1389.19742363496
0.0053075115748577,1392.89313235042
0.00530967313378426,1394.13682134715
0.00531182653778487,1395.56200836377
0.00531607831380206,1397.81855452745
0.00531817147298152,1399.50059150781
0.00532024712333366,1401.24330222173
0.00532232875831459,1403.32677413175
0.00532440397642393,1404.41131836829
0.00532647418158555,1405.67254311102
0.00532854585571819,1407.63823872953
0.00533060851780102,1406.55478784658
0.00533264683531047,1407.82363832953
0.00533467560575574,1408.98518216621
0.00533871787622855,1411.83009338419
0.00534072090707207,1412.64674719882
0.00534272269984313,1413.44673435749
0.00534472220940112,1414.38742715052
0.00534671286187513,1415.37349780336
0.000265518882700292,88.4719133813944
0.000244550566764735,112.476047841299
0.00026413101113228,128.135094333144
0.000284016897473354,152.806240468834
0.000290829656643608,181.08366730363
0.000330218643694759,222.138643327559
0.000351355556524912,227.629365018311
0.00037362388409857,239.592470390894
0.000396954688502722,253.742633749003
0.000421554287653197,266.924652114846
0.000447139341888679,279.435324663808
0.000474043091442989,294.459840427362
0.000502273569612647,309.536158431251
0.000531904370428073,322.658768605223
0.000562845671361445,337.809757543862
0.00059535237234265,364.267246745946
0.000629407996506274,380.366302365911
0.000665342835914753,396.20534891885
0.000702941657767474,426.010589181462
0.000708874454597942,444.811566687068
0.000748419835604683,453.085610524036
0.000833414595788681,496.295126153988
0.000878989650369435,515.885211276171
0.000926820893125815,532.712957106363
0.000932309905910279,550.452324736223
0.000982465219923403,562.941377218219
0.00103495250202002,584.319283953257
0.00108988910889923,600.583460268427
0.0010948936771696,611.405626962297
0.00115264230648714,625.79713795001
0.00128704287988775,671.200420890671
0.00129179515377716,685.606304663856
0.00135897370649095,690.75374739864
0.00136367131204328,700.76955301754
0.00143428343842868,707.660408809393
0.00143891956322412,716.081865941345
0.00151316439059266,721.441799500018
0.00151776122993204,726.824689491583
0.00152219536208259,733.803223222239
0.00169530393471151,762.619569206132
0.0017816655790559,766.072613062844
0.00178587839364791,768.597596288495
0.00178997819612149,903.458025642804
0.00188086448010663,906.289507472476
0.0018849743239175,909.533786734537
0.00188895989535117,913.069887016235
0.00198454805893903,917.737203826406
0.00198856688889302,921.698914930434
0.0021045453980138,945.894515264413
0.00221046988008443,950.940187877073
0.0022143588900904,956.301053518246
0.00221816883566377,961.429717130765
0.00222192686167281,966.569302426672
0.00233358758724113,972.280296910463
0.00233750388672584,977.59900434986
0.00234135169490236,982.657787757235
0.00260232018620245,1017.27718733858
0.00260606860428908,1021.59092327874
0.00260969366965059,1025.83309797764
0.00261319299381957,1030.11733582025
0.00274354607763433,1034.50183349524
0.00274698943506604,1039.0550213413
0.00275032007835023,1043.28684186282
0.00275353661510216,1047.44504588983
0.00289046263787868,1051.45571247056
0.0028936844357516,1055.72954263517
0.00289682578774477,1060.11609965122
0.00289993374953248,1064.66932764535
0.002902996430001,1069.26182794912
0.0030471276261127,1073.64676242718
0.00305030629217391,1077.92351336774
0.00305348736295629,1082.19391773714
0.00305664379910235,1086.49658482482
0.00305979693680211,1090.96869358362
0.00321167824543504,1095.85498876612
0.00321503719122092,1100.22364368322
0.00321834225789782,1104.54501701192
0.00322163343093573,1109.13345023905
0.00322489343160555,1113.21987465932
0.00322814513638697,1117.5624314666
0.00338830104646143,1121.8098703849
0.00339168604971522,1125.75176038449
0.00339504334228878,1129.81971762227
0.00339838676533941,1133.9202845043
0.00340171744105508,1138.11005462442
0.00340500982368867,1142.2602993125
0.00340827616566223,1146.01770940764
0.00357726048786155,1149.72569504902
0.00358068096875033,1153.45508896361
0.00358409822550605,1157.88348483951
0.00358748731508096,1161.89824687879
0.0035908414311808,1165.79369867627
0.00359417782699773,1169.49848311219
0.00359749977192128,1173.2225808218
0.00377576144067187,1177.34695276757
0.00377925720321739,1181.27322843711
0.0037827174218596,1185.47662525463
0.00378615886843384,1189.31660289228
0.00378960031315532,1193.32839889471
0.00379301524826157,1198.44262593894
0.00379641673110379,1201.62496755779
0.00398444231133406,1205.15460188638
0.00398797558126442,1208.51505729737
0.00399148431428945,1211.84234616724
0.0039949797800979,1210.25685026709
0.00399843960190523,1221.85434710362
0.00400189305389819,1224.16362009932
0.00400532071416591,1227.05588638481
0.00400873540300357,1230.0614373421
0.00401213289714951,1232.51379975611
0.0042106762779945,1235.08803477469
0.00421422662121607,1237.72157639816
0.00421776129854518,1240.44014290537
0.00422129751360201,1240.3905214465
0.00422480829708091,1244.51457255239
0.0042283059805943,1246.52437884594
0.00423178904693815,1248.9168924723
0.00423526136105881,1250.86523509004
0.00423871822396445,1262.64881425638
0.00424215845773842,1264.48406318994
0.00445194997854256,1264.46747420271
0.00445556106024442,1267.77898104607
0.00445914717037206,1271.3601212907
0.00446272019983308,1275.22359394148
0.0044662840686888,1279.13386968326
0.0044698354429383,1282.89838182619
0.00447337050923458,1286.72810021427
0.00447688869700793,1290.41618246083
0.00448040847066967,1296.70530702415
0.00470187338099754,1301.04963061294
0.00470553440418961,1304.56836477071
0.00470917977220848,1307.8997284448
0.00471281305922477,1311.20049892047
0.00471643445470705,1314.40993208747
0.00472004844234519,1317.54113226305
0.0047236532631828,1320.57138954053
0.00472724218079585,1323.52310990505
0.00473082803823947,1327.04472843284
0.00473439364856538,1330.23687565537
0.0049683013237274,1333.18095495366
0.00497202939858139,1335.99420644264
0.00497572984637309,1338.80159328771
0.00497942613057436,1341.526376841
0.00498310356411893,1344.53156980099
0.00498677545297733,1347.33867521335
0.00499042717093722,1350.03346905738
0.00499406432269638,1353.09427183954
0.00499769113919296,1355.93830276967
0.00524448724246449,1358.63892500374
0.00524830076451965,1361.49148708361
0.00525209399995939,1364.73320384229
0.00525586083904719,1367.85212626943
0.00525960994614488,1371.04198549095
0.00526334491002096,1374.24400188814
0.00526707894696679,1377.54710924635
0.00527079311032604,1380.89552696783
0.0052744956470487,1383.9833284328
0.0002291373545725,49.2841995386102
0.000232668266128105,80.0198636965883
0.000250198717360963,89.4445036900068
0.00026920761298558,100.321558793065
0.000288644174731732,136.317793455289
0.000307903651004211,134.868576873983
0.000328298193104649,158.463147985873
0.000349488394893326,218.348918941786
0.000371790073144403,230.332432082076
0.000395341770381716,243.079508390021
0.000420090151411377,255.161940245963
0.000446084425393111,272.434861293576
0.00047323841124954,287.203893932303
0.000501661691295593,308.617769023978
0.000531566092964475,323.759385493895
0.000562796475507958,338.976201069813
0.000595576672629464,363.108567126336
0.000629943579600766,387.614817191892
0.000665911259996705,405.142073201604
0.000703484201997956,439.458044378912
0.00074304922672815,454.530673870475
0.000828127411087351,492.51169100363
0.000873807259122003,509.803875815196
0.00087964469429105,528.199025502641
0.000927530256127531,540.631017480538
0.000977736130004263,565.466410332788
0.00103033533241454,584.085704262426
0.00108546764226607,596.315390394348
0.00109064848005608,612.006439410313
0.00114852914399552,628.21082047322
0.00128338011495142,682.695498330603
0.00135075775769978,695.471682773513
0.00142155042234396,707.372155396667
0.00142674125673477,716.491813892396
0.00143137935184466,727.314520249785
0.00143563694019754,725.708634422475
0.00150990158813222,730.502026945493
0.00158796422151371,738.468588743758
0.00159283496291831,745.744564396379
0.00169227075920311,886.783391233144
0.00177860061934481,890.571797086994
0.00178288046846268,892.840477867423
0.00178708421429155,897.755661644224
0.00179069126078318,895.55728087842
0.00179462928836633,902.534611595185
0.00188585772471428,907.656052131498
0.00188985727306846,911.548762486137
0.00198547048984239,916.167016812074
0.00200407354330266,935.946606961581
0.00210518845245605,941.965968382004
0.00210887406464958,945.752500899241
0.00211256363622869,948.965064936167
0.00211613865508242,951.500108178122
0.00211950424195991,956.368110176897
0.00212288742054724,963.173609133994
0.00222947714134327,967.604686029038
0.00236389129712949,1005.00878094245
0.00236727955429269,1007.09080551692
0.00248573905742956,1012.84067869359
0.00248911327561235,1016.68156609813
0.002492598097613,1023.9812034992
0.00249570296434358,1027.18282819848
0.00249871100780485,1030.28792021634
0.00262313399240311,1034.45068868062
0.00262617400189221,1038.96186370296
0.00262901720171175,1041.05882476569
0.00263196545469577,1044.822745097
0.0027627870820697,1051.99018667685
0.00276561855092714,1055.56113016205
0.00276854563936447,1060.21156449338
0.00277132187657426,1060.14438346149
0.00277428072727948,1062.67773481561
0.00277717350624031,1068.92298304787
0.00278005923200556,1072.00867789365
0.00278284944509944,1074.10183561663
0.00278568640746332,1076.86190151498
0.00278848940336609,1079.9002218103
0.00292681890419256,1082.53428360275
0.00292982879472524,1084.57779192042
0.0029329283150372,1091.09879711234
0.00293586935129687,1092.51794666256
0.00308155051190691,1102.76567393991
0.00308462347644572,1101.75130545948
0.00308768446421834,1108.34509783805
0.00309065762499359,1103.47345078471
0.00309368278108043,1110.66132099982
0.00309669274885399,1114.19408706972
0.0030996397533826,1115.14053035028
0.00310254202729667,1118.1601460848
0.00310565021079417,1126.53185682978
0.00310852836359407,1126.59067825907
0.00311141547525618,1129.49951957036
0.0031143097203657,1130.15811831706
0.00326869608036021,1139.19715843337
0.0032717017408627,1137.63052111469
0.00327471585977652,1136.81152952635
0.00327778700839636,1139.09661244983
0.00328073288452982,1139.58901147793
0.00328369797966777,1147.94035776862
0.00328668477728651,1149.7286047711
0.00328963945582372,1153.15861692313
0.0034525710644471,1156.00170623379
0.00345560821454035,1157.76803878362
0.00345862648364528,1160.45707284771
0.00346174181653655,1161.39654199975
0.00346478203731582,1165.96089776143
0.00346783427404579,1169.02595553228
0.00347089985206121,1172.80951537245
0.00347374427989078,1163.5969930615
0.00347678029044565,1176.95619523026
0.00364880516607717,1183.94108336845
0.00348269578891905,1174.65466845482
0.0034856477141314,1174.58814823886
0.00365808791521646,1187.78066113823
0.00366108519426935,1187.26476942236
0.00366421294250616,1189.82584578271
0.00366723789255925,1189.22186536377
0.00367031435088536,1193.49481835689
0.00367342980204884,1195.42779484001
0.00367639449764163,1196.80722814093
0.00367939465664835,1197.29414025517
0.00368248608674371,1204.96351769637
0.00386447524135374,1205.69560284293
0.00368833218729603,1205.70786798854
0.00369129639610975,1207.92692617194
0.00387380083502099,1212.0343739826
0.0036971285918475,1206.70210089847
0.00387996195855078,1211.60169102393
0.00388285140725249,1214.03899833137
0.00388626363800019,1215.52891862375
0.00388904558554092,1223.1860581068
0.00389196179499326,1218.94885055673
0.00389515297272586,1223.73123029406
0.00389814159301374,1227.22782080689
0.00390109597347744,1222.64628721508
0.00390422016395007,1231.92889464554
0.0039071578060631,1227.51141099446
0.00391012200058134,1232.38427793885
0.0041033186778732,1233.90578699985
0.00410638483973551,1237.86853217453
0.00391896874939537,1239.05411423952
0.00411258116767892,1241.76793599358
0.00411569938291979,1243.9677384415
0.0041187238253496,1243.22191881292
0.00412177857432617,1245.83396175199
0.00412483745354377,1246.75061189471
0.00412791142985719,1253.31199957712
0.00413090044955941,1250.47042421735
0.00433480089370342,1255.95549287064
0.00413689323869904,1258.2741438348
0.00413986312288669,1255.96344166289
0.00434422712644786,1259.97983760066
0.00414582867964293,1260.05182938857
0.00435043456149631,1261.92362072667
0.00435358649160322,1264.73362361096
0.00435673713275578,1264.61981253589
0.0043596936533295,1272.73541335951
0.000268258985725127,147.668470545499
0.000286782303950642,145.257810932613
0.000305684700371574,155.92746604494
0.00032538664305031,184.594272920032
0.00034612336674994,234.876798555433
0.000368015227266812,238.70172051563
0.000390795622286239,249.050193647569
0.000414750229748369,260.043658614801
0.000440014277195113,278.819145267411
0.000466539502721989,287.817349204367
0.000494257441275409,308.025812249515
0.000523546881875468,326.38142870173
0.000554009472817487,342.065851779815
0.000586030344037709,357.922011380921
0.000619483139682328,370.085266807023
0.000654885548273144,411.661482328783
0.00069175840953939,429.438032991989
0.000697595749177321,437.847978778959
0.000736683046741664,462.678492240745
0.000777803172745617,480.629618613291
0.000821047345752585,497.663101044386
0.00086634813157771,516.783434006842
0.000872058623365021,535.335903729886
0.000919508614974489,545.559319280273
0.00102096507865085,582.753644611779
0.00102608734793333,593.89480993603
0.00108062500476445,617.130107717994
0.00113791396449474,631.21769876614
0.00114301239240193,643.252315197225
0.00120326074332413,657.695596434125
0.0012664789877931,670.369242021144
0.00127156153060172,678.77580418137
0.00133803996461997,689.570483729057
0.00149200354200201,720.688756865553
0.0014971265278957,727.40304141769
0.00157468999169664,730.45540551487
0.00157975779584308,734.829799145377
0.00166130349396849,868.051841642559
0.00166626127090409,873.113273974493
0.0016710533684132,880.091704589677
0.00175677087602622,885.51820096809
0.00176148851314678,892.16292176903
0.00196012982152157,921.882796158281
0.00196460493991115,928.755091551656
0.00206437439162675,934.08433869541
0.00206886141735629,939.417105169171
0.00207323946063781,945.882752726914
0.00217819946980628,950.93651174531
0.00218258908357965,955.952829466307
0.00218685370391561,961.017181342042
0.00219101038965283,966.961510422245
0.00243039086266206,990.970888022601
0.0024345510066696,995.441583833531
0.0024386605159852,999.76709049323
0.00244270329626502,1004.00083077322
0.00256544997262671,1008.81536788882
0.00256963894039734,1013.01706353667
0.00257379059971637,1016.93405408941
0.00257789885788618,1020.8773763912
0.00286435809623217,1047.09710167068
0.00286833182081953,1050.41357259174
0.00287216605517662,1053.70911384047
0.00287586780495366,1056.94860122398
0.00287946198604133,1060.25357125833
0.00302291478275602,1063.75812275005
0.00302645440095674,1066.92471147387
0.00302986744768225,1069.91380981391
0.00303318507591961,1072.76536815318
0.0030364253406844,1075.63240732472
0.00318721351134682,1078.45066165237
0.00319056795035347,1081.34251632788
0.00319388182925357,1084.37355374927
0.0031971539169426,1087.39047552775
0.00320040540678452,1089.88608221828
0.00320364808767372,1092.56938584885
0.00336265173231002,1095.59648745141
0.00336608685366751,1098.49160702348
0.00336950737237199,1101.08432877088
0.00337291243461853,1103.51617716559
0.00337630218323777,1105.96457810744
0.00337968449093784,1109.11488835348
0.00338303787342368,1112.40968887809
0.00338637504873669,1114.13430510663
0.0035543553743376,1116.19635574166
0.00355783337149072,1118.41735909605
0.00356128825362031,1120.62754002418
0.00356471775995871,1122.77332122014
0.0035681356788313,1120.75993013355
0.0035715290138766,1133.35723760868
0.00357489815253246,1132.20777656315
0.0035782511691074,1133.59015909061
0.00358159383505499,1135.29840510501
0.00375909534457383,1137.15282314673
0.00376259236970106,1139.05164505059
0.00376607937046567,1140.91853203292
0.00376956592332686,1139.70937835428
0.003773025279858,1142.24181735792
0.00377646388934285,1143.99649328111
0.00377988283069859,1145.73341925213
0.00378328736070163,1147.43928299838
0.00378667513712442,1149.08668436261
0.00379004821851037,1150.80060245973
0.003977730553821,1152.55410551005
0.00398126512124126,1156.96630083975
0.003984772108647,1159.10752893331
0.00398825781064582,1160.77486347884
0.00399172503606015,1162.4761885225
0.0039951779418895,1164.19446772564
0.00399861286878443,1165.95036714878
0.0040020329054759,1167.67182672418
0.00400543737145427,1169.34503465553
0.00400882941197368,1171.05777974328
0.00401220803620464,1172.78787919956
0.00401558560086658,1174.90408858064
0.00401895235890129,1177.01768919343
0.00421778447896004,1178.5755283751
0.00422130048871504,1180.41309946664
0.00422480153494645,1182.14901082547
0.00422828749330266,1183.86454151641
0.00423175778727499,1185.64487666303
0.00423522722831403,1187.39584485893
0.00423866356684152,1188.91047671912
0.00424209713461006,1190.86019656649
0.00424551326946912,1192.3874661748
0.00424891697948643,1194.01256468629
0.00425231453901712,1195.52850610373
0.00425570306775539,1197.21270423036
0.00446609930390825,1198.78646353388
0.00446964523755943,1200.41233923358
0.00447318297279445,1202.05659867528
0.00447671096748142,1203.82383778212
0.00448022271626422,1205.4082324936
0.0044837111371623,1206.89183589171
0.00448717710128028,1208.36777769202
0.00449063797297036,1209.83047670642
0.00449408014509966,1211.32562691052
0.0044975237506186,1212.76977041982
0.00450094022130928,1214.62016079275
0.00450434775838362,1215.98416240768
0.00472686976138144,1217.26745347589
0.00473043086489268,1218.55876082281
0.00473398088661597,1219.97610324868
0.00473752452845611,1221.36812753313
0.00474106110656044,1222.85260456704
0.00474457926533246,1224.29394560479
0.00474808774898334,1225.76116739787
0.00498259075834811,1227.69229377712
0.00498626524839788,1228.52842108034
0.00498993215468453,1230.21097937064
0.00499357697498155,1231.58910692178
0.00499719929160457,1233.00356977871
0.00500083911194858,1234.39246875927
0.00500444898347371,1235.81962401048
0.00500804640725546,1236.79443473258
0.00501158582399061,1237.94838064782
0.00501510776688766,1239.52789910794
0.00501862151659131,1240.72291000387
0.00502212213466246,1242.06204071508
0.00502561595630815,1243.41808707561
0.00502910434970474,1244.66063766541
0.000252883368235183,80.0227446063063
0.000249952490143207,89.9589792842949
0.000268277597952577,99.0293512578555
0.000286671166751393,144.569116007612
0.000305583267303065,141.761328752711
0.000325291852041966,154.904656487942
0.000346052260162649,179.229671145129
0.000367966061510957,245.824053730019
0.000390754549278858,243.402172822299
0.000414703366045539,246.142028206848
0.000440033940827027,247.639810463025
0.000586028019412516,357.175147533216
0.000619560905310093,370.153561948632
0.000654895077363411,411.110928488114
0.000691827728269276,428.748956412363
0.000697672863915099,437.777725657962
0.000736737720296369,463.074021173503
0.000777895662575741,489.078667704565
0.000821155265415956,500.5629049572
0.000866459290766962,510.644454870162
0.000872199016331122,536.164432204326
0.000919609674795477,548.744771379803
0.00102112165586004,585.550380296786
0.00107561481363225,601.652396127921
0.00108079992151263,619.834574406799
0.00113810022876541,630.742357857206
0.00119826177128692,649.926369612435
0.00120346712146162,661.061010646564
0.00126667375047867,672.927002124662
0.00127175403030736,685.068415086686
0.00133827369116092,694.071397367339
0.00149223346508036,719.729003601936
0.00156970781624211,724.346756809558
0.00157494618909812,855.890306013421
0.00158000574682968,861.97727074659
0.00166155202413417,868.099930528915
0.00166652598494929,876.40722770716
0.00175217544440712,883.059839605476
0.00175704836897738,891.440790394093
0.00184704749123824,898.166183408943
0.00205541049580959,933.702373335831
0.00206010056407299,940.004123777188
0.00206469008366748,947.348810627053
0.00216942923836733,953.457393709281
0.00217402647354343,959.413429280769
0.00217851655506249,966.442961786129
0.00228871399608315,972.19114282138
0.00229321457873083,977.803902963354
0.00229759145660737,983.291568837154
0.00243069891164241,1011.27741924428
0.00255299028989268,1015.88462442887
0.00255729876212622,1020.66346301157
0.0025615541704089,1025.35168097064
0.00256576494797259,1030.91374150376
0.00269464349975229,1035.31509874524
0.00269901777088375,1039.89861954364
0.00270334698369036,1044.21082249294
0.00286470769775953,1073.58057299838
0.00300792110163532,1077.3093275075
0.00301196098254562,1080.9627756978
0.00301585137118117,1084.60890685031
0.0030196037123575,1088.16079279615
0.0030232129092383,1091.6277292816
0.00317369874887414,1095.00129542215
0.00317732143115997,1098.80962535588
0.00318081345306751,1102.36001719195
0.00318421590086332,1105.61976382625
0.00318755522692663,1108.8504828753
0.00334583311144618,1112.10294607445
0.00334930902481154,1115.66169863866
0.00335277618916348,1119.01720829957
0.00335619361350135,1122.05482957754
0.00335961181297477,1125.76310112439
0.00336300588403861,1128.78778961699
0.0035299395195535,1131.65926783049
0.00353351321544082,1134.47823930098
0.00353707366927322,1137.34686073471
0.00354064263827496,1143.21256436452
0.00354418811723708,1144.62218529057
0.00354770618968423,1147.12954601306
0.00355120277105514,1149.7142380183
0.00372737871364941,1152.31633534154
0.00373102781847003,1150.5751924536
0.00373466253911488,1154.22682643593
0.00373826388003693,1153.01320041462
0.00374184154495387,1167.8092311184
0.00374539217165651,1168.72425804806
0.00374892463409268,1170.26177816835
0.00375243865382306,1172.12383414466
0.0037559333525016,1174.17020241315
0.00394211232451934,1173.16649161931
0.00394577642555274,1175.85606539167
0.00394941878431127,1178.30256478867
0.00395305100717328,1180.63267309146
0.0039566698443409,1182.983400367
0.00396027215038556,1185.19779640301
0.00396386218609181,1187.39949685724
0.00396744253829682,1191.47637463388
0.0039709980857104,1194.14203050202
0.00416768297493774,1196.35982712769
0.00417139287975843,1198.76927191741
0.00417508580015862,1201.04399184144
0.00417875907236791,1203.33593509329
0.00418241393071777,1205.58445393267
0.00418605390182191,1208.05918136256
0.00418968071652752,1210.64330606255
0.00419327920660878,1212.68134132322
0.00419686074810054,1214.92232553433
0.00420042681805775,1216.96662953803
0.00420397872258787,1219.17319810945
0.00441201368436751,1221.26385778662
0.00441572323495698,1223.34803898071
0.00441941629850449,1225.43200816342
0.00442309286450982,1227.48532409609
0.00442677791053539,1229.79999234679
0.00443044000821873,1231.90596525663
0.00443409190384258,1234.34733976082
0.00443773418210256,1236.65570060638
0.00444136069633689,1238.95403280044
0.00444497685773438,1241.23661528475
0.00444859130765547,1243.43020964927
0.00466861382575833,1245.75770200588
0.00467237403194014,1248.00195814225
0.00467612380652964,1250.00285462814
0.00467985647343094,1252.27139939276
0.00468357794823987,1254.2628204316
0.00468727722746313,1256.67191503275
0.00469096578981797,1258.68282055039
0.00469463458990409,1260.60647935032
0.00469828721546327,1262.65004951208
0.00470193068409416,1264.61089429649
0.00493433861295113,1266.62697217642
0.00493815211654158,1268.61349068031
0.00494196260998739,1271.10085919509
0.00494575364987484,1272.49030947223
0.00494952416311299,1274.53960501357
0.00495328475524219,1276.68281931977
0.00519805978582021,1278.49172621259
0.0052019891472216,1280.51355316204
0.0052058955439395,1282.53519073465
0.00520979329019574,1284.39235188214
0.00521367327232792,1286.50817941913
0.00521753742864463,1288.64867995444
0.00522137915168588,1290.36860965645
0.0052252087000941,1292.50233426515
0.0052290147000261,1294.55477718905
0.00523279508660903,1296.61340351239
0.00523656867131085,1298.41556094439
0.00524032597117417,1300.49271853484
0.00524405869433537,1302.29257789896
0.00524781182072294,1304.06013579069
0.00525154286853252,1305.87573496621
0.00551080668258174,1307.69904523099
0.00551472101021426,1309.02774644397
0.00551862912135686,1311.57144052362
0.00552253267615156,1313.46601148393
0.00552645877499294,1315.31393245088
0.00553038952928944,1317.05756398427
0.000238003011456021,136.983810520672
0.000257594722731092,164.921139527186
0.000266078791214468,165.577160178629
0.000273648184917545,165.039334123644
0.000292443204644722,197.342041661337
0.000326068097856767,215.782876247794
0.000347436878460351,223.454290355885
0.000369820056767241,234.34483226182
0.000393307790419561,241.693007786636
0.000418015711903919,253.521588022841
0.000464784644707733,276.324444452599
0.000493214928134075,293.52565931762
0.000523043826555922,312.577065044777
0.000554354816553086,332.987755068482
0.000587110423315072,360.839195315915
0.000650806845529268,368.624514116759
0.000688594997885834,405.739110910195
0.000728113477866687,430.469640414199
0.00076962993298664,460.434761147354
0.0008131858053117,500.401459463426
0.000858963242372119,524.346511049164
0.00100317125598804,572.915519668673
0.00105840304498652,605.648729798541
0.0011162241796709,633.661049888678
0.00117686947418048,658.198561039826
0.00124033051900399,677.70930777282
0.00130670932996567,707.770817185721
0.00137635801162214,730.571856401052
0.00144936327161346,750.116462219901
0.00145568852741962,769.529821676021
0.00170431406875029,942.842424772744
0.00179339868469796,958.592892109001
0.00188693266032889,975.766834153083
0.00189343220621945,989.061207697682
0.00199181712329129,1005.50917591049
0.00199829032238911,1021.72745911174
0.00210172321366754,1035.48497727113
0.00221035239118901,1051.04662725809
0.002216884684712,1064.34782783692
0.00259000290246156,1131.34881084001
0.00259637870415313,1143.88888729392
0.00272888558386988,1155.45040669679
0.00273523080949295,1167.14163323464
0.00287446108738057,1177.58109300691
0.00288079051995451,1188.54654316672
0.0030271019281801,1198.31322282516
0.00303343553970275,1208.5630420029
0.00303956771242144,1217.68692909228
0.00337348451938421,1260.72655868102
0.00354354162671386,1268.46600704299
0.00354963039770021,1275.67512653088
0.00355563045651618,1283.48732557859
0.00356155744004417,1290.74901637877
0.00374075871178438,1299.10463984509
0.00374686390307497,1305.36546662035
0.0037528991945719,1311.75631945685
0.00417201655118053,1348.97916448989
0.00438130147980629,1353.72526867472
0.00438771378598303,1357.17680713728
0.00439393332547346,1378.10268595044
0.0046139139568584,1373.47493971934
0.00462011520736765,1379.17402165757
0.00462607841125878,1384.85637125147
0.00485699076074097,1390.1660057393
0.00486282445610765,1394.84613965603
0.00486847443895205,1399.44724177209
0.00487391011510678,1404.05143755969
0.00511650740372835,1408.55108182143
0.00512198079989525,1413.02163021152
0.00512735279114398,1417.00739035647
0.00538224002861641,1421.12977465868
0.0053877362756803,1425.46309462823
0.00539317540949397,1429.36084353639
0.00539859323752619,1432.81796479599
0.00540399213587802,1435.9648271702
0.00540940946974649,1439.43333295787
0.00541478324270075,1442.02707711256
0.00596034030350338,1445.14938493139
0.00568957077076038,1447.54899584193
0.0056951915653976,1452.28888801141
0.00570081639572434,1455.8343836773
0.00570646658250062,1459.05835496787
0.00571211449541802,1462.24745675328
0.0057177315158372,1465.24226483473
0.00629381732622682,1468.97690039026
0.00629993826824459,1471.05924686243
0.00630597589201789,1472.36461701688
0.00631195787377241,1474.98611390192
0.00631792074155411,1477.61084650598
0.00632386466817046,1479.88505830629
0.00632976216238378,1481.79351520919
0.00633540092385372,1484.54187985068
0.00634123837300496,1488.25186596267
0.00634714732267448,1490.73804697993
0.00635298599361906,1492.92717682153
0.0063587984399669,1495.19992404224
0.00636457170688496,1498.37845291163
0.00637033125149647,1501.19621057822
0.00637606362989706,1503.40335050953
0.00669223090444062,1506.0170585583
0.00669836056059709,1508.19285754038
0.00670436668925787,1508.4884617513
0.00671030380193039,1510.928560828
0.00671627370717754,1513.45577254256
0.00672210401959163,1515.96710074895
0.00672792657229647,1518.40656297904
0.00673369765713001,1520.59890885521
0.00673939960867776,1524.24643130779
0.00674508378334278,1528.0904730838
0.00675085199746059,1530.30629530163
0.00675664490477443,1532.20102839007
0.00676237349966865,1533.44948396729
0.00676807619975078,1534.8637686632
0.00677372765591313,1536.50654679759
0.00677936922497123,1536.94757208571
0.00711504395234093,1537.97645440258
0.00712095170984345,1539.34201617551
0.00712683451996959,1540.69599378322
0.00713254050552353,1542.01336254942
0.00713836037599415,1546.35051569934
0.00714419149830974,1547.96062745342
0.00715000915638018,1549.19129860118
0.00715575823111439,1549.14059940447
0.00716151979156618,1550.25814978988
0.00716724250552406,1552.1114703794
0.0071729512255475,1553.4761486948
0.00717864354495787,1555.69014084307
0.00718432972530892,1557.61357311887
0.00718995872818605,1560.11081589276
0.00719557780725175,1563.0908707075
0.00720125834312568,1566.97010379862
0.00720683144712475,1571.75180887931
0.00721238739735984,1572.3264511249
0.00721794438648683,1573.46669472863
0.00722348834477289,1574.96053683021
0.00723453341780748,1577.51691556131
0.00724003021750428,1578.93164504484
0.00724551901655683,1580.06545433248
0.00725097694830872,1581.39492667514
0.00761639006159832,1582.56760563177
0.00762213305697485,1583.84354288433
0.00762785553836959,1584.90184587167
0.00763342161946168,1586.00518228069
0.00764469484881504,1588.68968365213
0.00765025106756937,1588.61742779801
0.00765578189930249,1590.42002877889
0.00766132955554291,1593.2060369247
0.0076668459100856,1594.44504926953
0.00767234948947518,1595.47713536774
0.00767785138275696,1596.2717492257
0.00768335577226037,1596.56871421928
0.00768883430776703,1596.8680288969
0.00769429232866581,1597.93584289798
0.00769973657153285,1597.95898762108
0.00770517174901575,1599.25075247885
0.000265565386295553,55.7549736260401
0.000255716696677145,84.4459163002992
0.000264640710057415,93.069630603971
0.000304759117830037,157.072145270421
0.000325368260280307,156.181574497595
0.000346892279530537,166.843329283677
0.000369183521301664,237.840490423313
0.000392748820757848,249.960450657837
0.000417503462012826,263.211942355599
0.000443323685300804,285.816010975189
0.000492420788918844,294.51232725776
0.00052230249346379,310.650322024256
0.000553491411064624,332.924873917189
0.00058625819666293,358.817747361976
0.000620457794411576,367.525519380872
0.000656363485740645,398.244163888285
0.000694001255737749,425.560736017299
0.000733571296008782,440.48869676138
0.000775043233681594,469.447166661208
0.000818609924684617,497.889423748491
0.000864343276206719,520.084508796826
0.000962462986988056,562.703129945146
0.00101522569111659,585.24400725661
0.00107041155856024,607.665020223689
0.00112839640750547,637.764845002211
0.00118909929631522,651.58010204291
0.00119506443754887,674.140159118186
0.00125862723483459,697.805256268257
0.00132524647505132,718.135332404383
0.00139517251165921,734.492682250163
0.00155771864708697,785.30073942335
0.00163902200838207,792.774357297827
0.00164476915169231,801.600107938384
0.00173020141858106,807.093227029935
0.00173587917878507,813.189990822396
0.00182568080455645,960.962342846172
0.00183130407260642,968.705986155818
0.00192568203606376,975.219501121376
0.00193121807293457,983.384727210764
0.00215071586921066,1024.05502514828
0.00226038320889521,1031.47049345251
0.00226563454784022,1038.97135840542
0.0023808826489412,1047.58098029487
0.00238616088367237,1055.19317928834
0.00239128021471718,1062.69499804829
0.00251252987706764,1071.06811929937
0.00251764495844818,1078.448880874
0.00252263159266373,1085.76467330842
0.00279917024709088,1122.50661857407
0.0028040631637277,1129.51610372335
0.00280887741873078,1137.20923267405
0.00295026096786479,1144.66426281673
0.00295523579456065,1151.91760480656
0.00296014006084021,1159.85510597924
0.003108987951692,1166.41633651439
0.00311405838595597,1173.18520175739
0.00346114352702605,1217.62772558359
0.00346607438173606,1223.10752974472
0.00347085251418521,1228.41883156307
0.00347546848264723,1233.50657485692
0.00364899355892442,1238.47084203949
0.00365351154307287,1243.29695967446
0.00365788794908303,1248.49900979271
0.0036621064943728,1252.97521742335
0.00384434450343449,1257.3724195418
0.00384854879295823,1261.6567500401
0.00385266545135368,1266.16123421479
0.00385671691585903,1271.01641927911
0.00404835013959808,1275.37228187944
0.0040525486753345,1279.53588766951
0.00405672753043356,1284.29403823282
0.00406088851600051,1288.66007681357
0.00406502800004013,1292.34491002876
0.00406916070794031,1296.1112525639
0.00427127476725146,1302.67384385062
0.00427562861745798,1306.09860582731
0.00427996501598675,1309.06429072805
0.00428428033221557,1312.23887293262
0.00428857414340971,1315.51334104344
0.0042928803845359,1315.68489769161
0.00429713594529009,1319.28722497522
0.00451045428221764,1322.26487062709
0.00451487587487327,1324.92115577334
0.00451927902684207,1331.51769041277
0.0045236498149951,1335.22732626098
0.00452798422283559,1338.63739790309
0.00453229167861195,1341.96279853009
0.0047571089574545,1345.47108377221
0.00476161998318974,1348.6610852046
0.00476609313414191,1352.10720249578
0.00477055727279888,1355.38801992255
0.00477499608503828,1358.53686230012
0.00477941669535293,1362.11030736378
0.00478381013079376,1364.97774217798
0.00478818234602379,1368.02699875617
0.00502555947917901,1371.08703048093
0.00503010941194222,1374.14143943777
0.00503464740294854,1377.21403862143
0.00503916295350829,1379.93950307291
0.00504365275478606,1382.96138609967
0.00504812022223349,1385.72500077002
0.0050525767212177,1388.39041142972
0.00530290842415395,1391.34539970316
0.00530756266582064,1394.38015357172
0.00531219351172413,1397.34851207023
0.00557533532768709,1400.06743148874
0.00532132232172715,1402.83415142913
0.00532585067829016,1405.53887462611
0.00558960847476359,1408.49647437618
0.00559433314059039,1411.04990078451
0.00559901093125703,1414.16201613273
0.00560369408349051,1416.75179263156
0.00560835102615192,1419.18318041441
0.00561300509070206,1421.64900646893
0.0056176467555007,1424.63355954193
0.00589576244200314,1427.06742157171
0.00590077993975408,1429.65538806865
0.00590562400152329,1430.73788223198
0.00591032761485166,1431.79191883664
0.00591506848940275,1436.59139960518
0.00591977425530648,1438.86873354332
0.00592447146480162,1441.37227200023
0.0059291714984431,1443.67391156572
0.00593387019454375,1446.79824049721
0.00593855430075588,1449.43836333427
0.00594322399807247,1450.882693369
0.00594789281779392,1453.51476134967
0.00595259278233805,1455.53140330662
0.00624702673552703,1457.70190798801
0.00625198982091641,1460.60141130096
0.00625689355197792,1462.10240907892
0.00626652460351393,1465.13718133198
0.00627128879106633,1466.85194898857
0.00627595221680398,1469.41835367779
0.00628072178567583,1474.21305758415
0.00628556419953674,1477.26334055561
0.00629030118676041,1478.04907330207
0.00660123296470408,1479.59422110145
0.00660607009492355,1481.12836106267
0.00630428413129621,1484.44988643549
0.00661577727033482,1486.80113492253
0.00662062318902658,1488.85375959544
0.00662545244784402,1490.84669113784
0.00663030088960564,1492.81120139691
0.00663526577563679,1494.40819461591
0.0066401165432112,1494.68791106754
0.0066449167505719,1494.91815451349
0.0066497004629978,1496.73413834738
0.00665446860498772,1498.15822756843
0.00665922909751608,1499.7742177997
0.00666396432466156,1501.38697068437
0.00666862328681671,1506.27265807286
0.00667328274788775,1509.47871911923
0.00667797382987702,1511.93481917739
0.00668270561770659,1513.04006631329
0.00668744264472171,1514.03797616403
0.000253439541944644,189.254062498958
0.000234252060246376,177.518362594719
0.000272409490229328,243.91347230947
0.000311871346469294,312.487850917146
0.000348073293057614,318.942625030168
0.000371136774293901,333.707085255097
0.000413779643355059,353.273569486938
0.000440399038690105,371.163799107114
0.000468088294808458,400.436982514496
0.000520425621778293,434.933284840075
0.000578314665731241,462.722308974674
0.000613046391790048,510.579208742463
0.000680057672366943,519.052465773634
0.000796470242797554,581.314092226457
0.000880747970966095,607.36224106508
0.000972869150200557,637.932207946526
0.00107360543910013,654.423607465419
0.001129571556873,695.669058171467
0.00124512492647157,733.933829468937
0.00130911285793002,785.040154297155
0.00144267112462565,766.775647512262
0.00151652267786861,792.311103866323
0.0015939904099038,814.777161668464
0.00167526312197491,831.596047045072
0.00176051998796822,984.883001533723
0.00185419043560845,1033.61100574826
0.00194829709556791,1052.55104323373
0.00204709043174658,1074.1370451669
0.00215080998821236,1095.14798468629
0.00215522831838008,1115.53446656397
0.00226429470847391,1136.11252877585
0.00237881901481881,1155.46477888105
0.00238347197010814,1173.83179409482
0.00250397282756524,1192.78253551139
0.00277353663214448,1261.84689346336
0.00291344605946369,1277.52665502752
0.0029185878235357,1293.19734590154
0.00306570217787233,1307.80630481835
0.00307100069517617,1321.98704542575
0.00322564799670759,1335.82357087897
0.0032311365547702,1349.48230626115
0.00339374536141353,1362.49351366068
0.00339940883715027,1375.18160227757
0.00376816539643392,1434.32378747719
0.00395752773529998,1445.14746864363
0.00396371029193959,1455.88592972788
0.00396984247296574,1465.9355061747
0.00416918306033117,1476.25869802379
0.0041755532205927,1486.34768035019
0.00438514923470996,1496.1167757968
0.00439171285226478,1507.09713201134
0.00461202355213406,1515.3542090522
0.00487139697286149,1556.6061388298
0.00487830012664457,1564.88961710866
0.00512271213319932,1572.38373822721
0.00512984776770651,1579.90412660984
0.00564884747402387,1587.0539895899
0.0051439515897645,1591.78214712623
0.00515088771822237,1599.58359518458
0.00540867254364593,1606.95685232945
0.00572390223894016,1648.42870584282
0.0063082516594791,1654.01560379441
0.00631629373850059,1658.25649802095
0.00602528812838941,1663.56400247594
0.00633212605707357,1672.84984933154
0.00634012826288633,1677.40661493685
0.00634799187752315,1681.64356901402
0.00668149602143105,1684.92353746006
0.00668953780578156,1688.13391187556
0.00669781149041162,1693.28112794435
0.00670600845211144,1696.83358141292
0.00671404579984097,1702.23371623304
0.0067222833135775,1712.10810044215
0.00673036285762206,1716.44645709115
0.00709275345174392,1718.84696851512
0.00710116408501481,1721.27005986962
0.00710934187751858,1724.85040683924
0.00711756503375468,1728.79996977106
0.00712582990043874,1730.17742704634
0.00713408838089931,1732.73339313243
0.0071422660767779,1737.36337444697
0.00715051794652594,1744.10706875832
0.00715875566364278,1750.89923778459
0.00755410458927167,1754.31820598627
0.00756262546927958,1757.0362576075
0.00757111950800583,1761.3089103413
0.0075795765788224,1761.94587888151
0.00758794525185055,1763.27944983336
0.00759627910513561,1760.68389306137
0.00760464605804475,1762.87663681784
0.00761313279326019,1771.96679294942
0.00762155336370644,1772.09014443389
0.00762994011003972,1773.24270667509
0.00806257852270198,1777.66857483744
0.00807128722390516,1777.14488298498
0.00807981051290741,1772.24768464022
0.00808840728566069,1772.60374439459
0.00809715788033213,1771.82365675078
0.0085689221974596,1776.70245662258
0.000242408215864914,42.8738593079604
0.000251844371903645,164.225264558454
0.000308650978112,62.2024106249231
0.000328714373085719,89.0534599410521
0.000349936286190373,124.334419328962
0.000372399243642893,130.118266236432
0.000395949696612491,189.10373312633
0.000446210064055062,266.965188425676
0.000473096770859204,269.479343321473
0.000525024571402866,271.028139545347
0.000555860263172387,316.958444579239
0.00062185973992424,368.958686188228
0.000688028363008279,471.056162232766
0.000725915267489478,474.180829434505
0.000765018919411754,488.372976525008
0.000844044728664399,498.432881582699
0.000888129491091197,522.596290872417
0.000934102505261425,558.105650469852
0.00102935692913927,596.305076733426
0.00108212222151553,628.589244981358
0.0011374961759847,662.706716981409
0.00119556345613825,618.644183122103
0.00125640939902212,645.461905705567
0.00132334230733316,691.189753429081
0.00139036542415862,711.125863061609
0.00146069697606722,729.567015445443
0.00146378454854142,744.902191353675
0.00153771673381946,757.063843452445
0.00161535293996628,768.029322576617
0.00161854151347618,775.488930728482
0.00170017289982853,782.912616056592
0.00178586909712967,929.242616645022
0.00197729528086519,974.981756763414
0.00198071285336653,986.017965367334
0.00198406319917894,995.258491094929
0.00208370889147833,1005.90527814828
0.00208715076412433,1015.41398918193
0.00219187407681652,1025.6657148139
0.00219541328329705,1034.72615094444
0.00219887615894479,1044.05358334624
0.00230915010974545,1053.7478432786
0.00243953827372329,1097.29918913316
0.0025616673185053,1105.2561407868
0.00256541022750705,1113.56569054555
0.00256909003076497,1121.42857898953
0.00269762750096303,1129.13573942975
0.00270145598836283,1136.53691260648
0.00270520945814304,1143.5893395611
0.00284044395839807,1151.04348007085
0.00284438250595574,1157.8601270545
0.00300242147974267,1190.07391761736
0.00300634068156943,1196.38924568055
0.00315642067399465,1202.37498740548
0.00316046434625767,1208.06043406063
0.00316449509670487,1213.90930539253
0.00316848334010575,1219.55436073365
0.00332655677083649,1224.7501855766
0.00333071374226365,1230.08438839594
0.00369339258643705,1266.32779596145
0.00369773754408006,1270.89547137212
0.00370204882200933,1275.65109977938
0.00370631892065972,1280.27632252907
0.00371055230679193,1284.65860837712
0.00389529084999671,1289.30948830372
0.00389972084833341,1293.79532863234
0.00390409858501157,1297.94115480936
0.00390844653641904,1302.01958884037
0.00391277987980455,1306.69101613033
0.00410745604702353,1310.81108123256
0.00411197712444598,1314.7092102385
0.00411646905898004,1320.99213707744
0.00412094602232988,1323.81495204303
0.00412537746941596,1327.15569769642
0.00412978509264468,1330.48038101132
0.00433513248958015,1333.84116119622
0.00433975528979811,1334.55147094641
0.0043443344695096,1337.90605411274
0.00434888180303426,1340.78574945766
0.00435340794457155,1343.33651349536
0.00435791519934643,1349.99742364605
0.00436240868028912,1353.76512723287
0.00457915641448362,1356.85038202757
0.00458381934371213,1360.21211194876
0.00458848167496159,1363.77700082804
0.00459311410420281,1367.16585326388
0.00459771040072775,1370.38549946277
0.00460227354592077,1373.56669574598
0.00460683594605749,1376.71759044811
0.00483556560081188,1380.01067386566
0.0048403012612064,1383.10791265983
0.00484501172285348,1386.09403795239
0.00484972579529392,1389.12008100873
0.00485442833815728,1392.47371110108
0.00509538897214344,1395.33940276607
0.00534843976276483,1398.13871768595
0.00535368268600476,1401.04226929027
0.00535858700652743,1402.40387712793
0.00536355818930912,1406.23630437723
0.00511955733249883,1408.97728498957
0.00512431227720592,1411.20813099517
0.00512905155165715,1413.9735557371
0.00513377598177953,1416.33938413402
0.00513848548665032,1418.74190942155
0.00514319341273912,1421.16910775298
0.00514790306945521,1423.63048252089
0.00515259007649558,1425.99332103577
0.005157265944321,1428.35914386811
0.00567624802332927,1430.69810667264
0.00568155741852355,1433.28478114051
0.00568668912949794,1434.53085910253
0.00569175225256073,1436.27557011522
0.00569679599924938,1438.52039819244
0.00570164799840278,1440.42113577721
0.00570662319962047,1444.42097666759
0.00571157146601808,1446.5558572939
0.00571654738592488,1448.69993996427
0.0057214989229167,1450.74942238131
0.00572643376925556,1453.05078612235
0.0057313458487049,1455.34626418314
0.00573633743101485,1457.68393982184
0.00574125358000914,1459.8460728816
0.00574612362442141,1462.00249796588
0.00603072233209592,1464.10428805723
0.00603580878511311,1466.10369760423
0.00604092716227425,1468.39556923546
0.0060460971150479,1470.07321021667
0.00605113113014999,1470.06840724138
0.00605613686782052,1472.03396912251
0.00606113064086167,1473.84756098303
0.00606611231702925,1475.61491063962
0.00607108368660243,1477.387824224
0.00608094099730533,1480.82800413736
0.00608580711521091,1484.60325282535
0.00609070665713287,1487.33227493142
0.00609567702877426,1489.1287849703
0.00610063020941527,1490.78500594659
0.00610556121571018,1492.05474672613
0.00611048042468042,1493.69681222979
0.00611538288881681,1495.00209134013
0.00641795301063891,1496.536682269
0.00642307651186551,1498.14918367137
0.00612988871122448,1499.25281109416
0.00643310506396534,1502.25094932732
0.00643815810438287,1504.04019268111
0.0064431967679929,1505.70809636392
0.00644822972350519,1507.38669569575
0.00645324541684232,1509.01980719643
0.0064583474895711,1510.67233227291
0.00646335564499723,1511.56303714552
0.00646834232909177,1512.62020542346
0.0064733586648783,1513.68390638584
0.00647829188664479,1515.85120082394
0.00648321008712323,1517.49751260639
0.00648811292345131,1519.11037444999
0.0064930045981486,1520.71328355563
0.00649788063955727,1522.29797710149
0.00650273307470095,1523.98855471165
0.00650756568034355,1526.64353779551
0.000709081383013274,53.3905597878678
0.000234992431639369,66.5927835005869
0.000250154628606213,95.7061702796248
0.000278149806763668,143.983387212428
0.000298104184696353,150.37527742394
0.000319062431313045,210.332450854192
0.000340989724815106,232.570120531068
0.000364031816273097,242.191763495106
0.000388190914695169,248.915263164316
0.000413448133166785,258.584526446661
0.000460582985091073,285.301195866702
0.000489651785263851,307.270717530172
0.000520263669002893,311.610297885813
0.000586007941712976,362.690353157846
0.000621004705634798,370.391345642893
0.000657567079249957,390.268499155608
0.000695841474540216,410.413846282397
0.00073605234583131,437.928162316696
0.000778221938953335,464.281648068396
0.000822487709039256,484.840638045594
0.000868982606816508,501.93186073662
0.000917778212966997,528.880627424191
0.00108609058130142,602.25018713965
0.00114513055551597,615.192405199751
0.00120695901115318,632.632976930933
0.00127174496736293,648.719960926594
0.00127810560522557,665.363875644295
0.00134626160204016,684.792870190639
0.00141782442420045,695.152596918448
0.00142421127522435,708.270839683924
0.00149924211482753,716.840428510024
0.00175616207211901,751.313635485503
0.00184545408057626,754.808288397246
0.0018493702086737,757.305209772702
0.00194266068231061,759.599141139063
0.00194621979437417,887.922512029412
0.00204406282744031,892.19115327313
0.0020476613041283,898.353326186808
0.00215060911404331,903.988110163067
0.00215445018750383,909.035788068103
0.00227923184081014,935.95298663377
0.00239394274404239,942.479152302698
0.00239815207385794,950.13748326433
0.00240226912411565,957.524392227889
0.0025230894177217,966.74420949624
0.00252739684669881,975.321440527456
0.00253164231432453,985.134591361781
0.00265894460467032,994.045784506846
0.00295718014588041,1056.99931693731
0.00296196509551623,1065.1720982157
0.00296672325780195,1074.32568528825
0.0031157230955064,1081.71290740248
0.00312068811597154,1089.166311645
0.00312564385201295,1097.82733593552
0.00313059653523645,1105.38997831462
0.00328777636086657,1112.46237609767
0.00329294602516314,1121.37570174942
0.00329806758552949,1127.99225756223
0.00330315866559865,1134.68562143528
0.00346895386819551,1144.75099240219
0.00347433350784617,1151.16457497175
0.00347964441304662,1157.36501525962
0.00348492623712636,1169.56616161157
0.00365974309968759,1176.8122819876
0.00366527230420741,1180.84356336528
0.00367080797880713,1186.1767251978
0.00367633038608447,1183.75420520448
0.00386066615865735,1188.39853993551
0.00386639855362425,1212.51517856588
0.00387211534997215,1208.00930699384
0.00387780782830113,1214.80584590869
0.00388348256426869,1221.70271179263
0.00407816422529769,1234.51797056162
0.00408415734167761,1245.16516557734
0.00409008372999011,1253.95745464681
0.00429509957131531,1263.79656403755
0.00430129264315439,1272.83416153634
0.00430746551742255,1280.59946717588
0.00431362188039074,1287.83247590388
0.00452975487041085,1297.23125800965
0.00453624108828437,1305.96471785766
0.00454270234665751,1315.03936537757
0.00454912597321864,1323.76525748933
0.00477697432084612,1332.92032777869
0.00478374085637258,1341.34736726124
0.00479049682069338,1351.33870726898
0.00479720601599527,1361.0299368829
0.00503745915354633,1369.32250213992
0.00504452905044153,1378.78741488215
0.00505158439157362,1388.33366274117
0.00530456821175274,1397.92912171609
0.00531196873893182,1407.5874963537
0.00531934394413713,1417.13240823515
0.00558568504104428,1427.31309751352
0.00559341107916715,1437.00506558071
0.00560106870632471,1449.03752057874
0.00588146446327613,1458.92879278932
0.00588954032888544,1470.92172837887
0.00618435560348901,1480.33522793028
0.00619280805217627,1494.30020657356
0.00650286167580244,1507.48064114837
0.00651171232933204,1522.05553187124
0.00683776885844557,1537.67714314092
0.00718010807417959,1563.84027297876
0.000278982711690308,114.507108952477
0.000343340987430012,91.921995922552
0.000383851838000131,132.408497263396
0.000409703119238144,182.558020348964
0.000437136949487566,189.68084927968
0.000487371697514842,203.520548944708
0.000518711685015716,311.476018492419
0.000551477263776911,337.233474438307
0.000613211131319049,365.043518302496
0.000650740567950121,391.181589209414
0.000898355358425859,520.770511314892
0.000995368651654746,559.299577724319
0.00105191705635043,598.456899005154
0.00111126803334559,636.24247787499
0.00123010724240273,675.369188406202
0.0012987819565541,704.369494145241
0.00137097440532558,738.977720116288
0.00144669819361125,764.617247303587
0.00152590072189059,783.434878799657
0.00198381031753329,1005.14581739615
0.002089097181424,1030.44520871078
0.0021993868813739,1055.43803096122
0.00231490346395945,1079.84673690266
0.00243568436618739,1099.70988971918
0.00256183111322,1119.62422642352
0.00269360105429597,1139.31247999155
0.00283120443824204,1157.04222788709
0.00297500492875737,1173.29226990439
0.00346078582635207,1243.43108920509
0.0034668907517765,1256.33968449639
0.00364182264972499,1269.39040866205
0.00364836901296694,1281.21116211208
0.00383253068107026,1292.95732562326
0.00383944690446446,1305.0848313578
0.00384624966247147,1315.88868479364
0.00404029423188096,1327.13872949144
0.00449553757922139,1381.39836879829
0.00472185410835904,1407.32623231218
0.00472967407827263,1404.88613591095
0.00473743878536499,1412.73445376215
0.00497588174631318,1418.67576013277
0.0049840312856677,1430.32571076652
0.00499213881647201,1438.04599439774
0.00524335269906333,1446.06474778114
0.00525179303575955,1453.22191851008
0.00526019847913959,1460.57710484347
0.00552480435966881,1467.19626339048
0.00553363475394532,1475.12297936347
0.00554241089396107,1481.32691449068
0.00582107785130753,1488.94494108762
0.00583023654243909,1494.73891322027
0.00583933140437831,1501.23939546629
0.00613283211725546,1507.47277725274
0.00614231244300446,1513.56472919461
0.00615179818018976,1518.59626515724
0.00616122501226417,1525.21825316835
0.00647072648168577,1530.60428709158
0.00648052471673332,1534.48440315397
0.00649028117629979,1537.88032671073
0.00649997943054114,1544.38293059861
0.00650971711679912,1549.65119402329
0.00751798946037273,1554.80296969573
0.00684682733313208,1558.58103395924
0.00685687772037512,1563.82154940791
0.0068668611560677,1566.61998261649
0.00687687241892632,1569.30391911302
0.00688692963288553,1572.38649522191
0.00758436029674491,1575.54917451772
0.00724314753589592,1574.40710343448
0.00725362547850613,1585.03682084548
0.00761747604739767,1590.53018616192
0.00727447350713207,1588.76374777895
0.00728483164038166,1588.81247863363
0.00842035519661824,1589.20134279004
0.0084324800186211,1581.22455398245
0.00804541803319088,1580.72885519724
0.00845668720046244,1592.11885936692
0.00846854797359411,1583.36386811363
0.00891495061716162,1572.80972986093
0.00892753483072319,1591.53092349755
0.00894024480881765,1567.89890053856
0.00942386432810678,1576.01542625765
0.00943684312527423,1533.15637142933
0.00897771473667973,1492.33548831047
0.000297868267713497,42.353995863588
0.000319164601407113,85.1516995867772
0.000356886064622604,124.967197408431
0.000381237294782151,171.895480832961
0.000425389152199261,181.59880078584
0.000504747993478009,306.886268351737
0.000561578102820462,348.745746281466
0.000624412302128629,381.302824594186
0.000693404494664341,415.608169529564
0.000769478637704668,448.706306243025
0.000814178597798127,505.342484209237
0.00090185939916098,537.455850614119
0.000998169581606418,588.379953182255
0.00110397944267009,651.061275671659
0.00122054169118929,700.960288106006
0.00128702933650144,749.071769882458
0.0014224035450423,796.898305750622
0.00149946146239405,830.977747203092
0.00165687750203083,983.87230007876
0.00184009985010822,1056.31282576434
0.00193873808960779,1096.64030845472
0.00214086496348163,1137.17623389957
0.0022544891918332,1180.28152128174
0.00237394858630757,1219.93977695059
0.00249946358330462,1259.17274614257
0.0026313316886232,1297.66457075219
0.00276992291961781,1335.29010738096
0.00291554137557166,1372.18390746705
0.00357660792266401,1518.42132651581
0.00376364963488188,1555.96610410271
0.000243215556541055,49.3374346707271
0.000261869178832911,70.6261495265077
0.000280975326779903,112.890910780968
0.000300818815544207,109.339880571684
0.000321251647792002,148.724434305439
0.00034247323717753,191.884598900803
0.000364608707926301,192.450416237905
0.000509305837731855,274.397689013259
0.000539978365986324,318.447341083676
0.000572030322618218,337.67915953286
0.000605395873402621,357.763156029448
0.000784039770445191,440.78452469004
0.000827242610445969,437.511000870404
0.000872350224589979,438.703616500829
0.00101560219901594,566.573609689785
0.00107021568004681,591.891346651544
0.00118804612425065,650.490582539703
0.00125153578229588,674.227317431747
0.00131827806805871,702.699908442081
0.00132448634415681,724.32780975035
0.00139476603421564,744.176875509036
0.00146867771843722,760.888248170045
0.00154626370728727,773.165709985663
0.00162748955453554,784.941205812145
0.00163379191689817,793.985043142515
0.0019100499774746,981.950447107763
0.00191657252945532,995.233994742287
0.0020161551935477,1010.75225280514
0.00212074611854564,1026.84955333668
0.00212754810852472,1040.91682618034
0.0022376905113678,1056.37710306788
0.0022445828899153,1069.72708900315
0.00236057860362475,1084.34409650395
0.00236760696578063,1098.93040760479
0.00276838911016438,1164.45260054247
0.0027760147398796,1175.41416541014
0.00278350647212581,1186.47096677792
0.00292644773267253,1198.35854761371
0.00293414611603205,1208.88568606724
0.0029417843607471,1220.14120653133
0.00309249577034468,1230.03370022665
0.00310030995608638,1240.80685333516
0.00325893447783426,1250.36570763078
0.00345842584877123,1296.74851554036
0.0036348096912369,1304.7390600912
0.00364316211416343,1314.56039100822
0.00365143230611849,1322.05294209795
0.00383743246627145,1335.34662212373
0.00384601607598142,1339.9064568224
0.00385448700529711,1346.37248445808
0.00386288008837796,1352.77296565121
0.00431015055675705,1394.49307020615
0.00452873854693788,1399.86590794822
0.00453779675933364,1406.20522784553
0.00454674871089306,1415.152238505
0.00455565129313287,1421.29585622206
0.00478642785801597,1426.45550150172
0.00479567222991156,1433.47684153531
0.00480480330219424,1439.13705133412
0.00504797184049527,1444.62880188274
0.00505746392392991,1451.05333237764
0.00506689167670013,1456.00667346884
0.00507627937295995,1461.30427985009
0.00533285844200657,1467.2875089994
0.00534258221596388,1472.72401000848
0.00535221850559638,1478.09238919034
0.00536175785207394,1482.45960655238
0.00563244585061616,1487.84655913013
0.00564235419628288,1492.47408972291
0.00565216979160906,1496.83934964419
0.00566190604804983,1500.81222626674
0.00567155237758352,1505.80846492924
0.00595744019466624,1510.09172508933
0.0059674123000181,1514.71092360549
0.00597739072801067,1518.55648803963
0.00598727023142204,1522.73973172134
0.00599708230787505,1527.47659535363
0.00600679659155898,1531.33712675274
0.00630905125182588,1536.13644824451
0.0063191092478623,1539.13811027425
0.00632912130183949,1542.17902844504
0.00633899078242405,1545.16678979892
0.0063487644365735,1549.6036924565
0.00635846454867115,1552.54115088203
0.00636814129051508,1555.98531862495
0.00637777826706546,1559.20247450654
0.00638738607903128,1562.99687585708
0.00639695659006129,1565.88911772999
0.007387691013317,1570.52282711719
0.00739869612681835,1572.58297255295
0.00740957044104992,1574.93394510344
0.00674782418630249,1577.1775715268
0.00675760682262346,1585.29048327713
0.00676736248149399,1588.01661121834
0.00677710090704857,1590.68421847274
0.00678680636888725,1592.97837948383
0.00712710054386444,1595.20735179652
0.00713710753568368,1596.91321121693
0.00681549263748466,1599.27670602756
0.00682487199084796,1601.08665466387
0.00716658151898545,1603.37600711582
0.00717617833844223,1605.03016250121
0.00790902611690389,1606.65324817821
0.00791913996184828,1606.83329809427
0.00792904533323899,1608.15271526598
0.0079386099044957,1610.00074332701
0.00794787594809052,1611.8969151943
0.00795681198648454,1615.40028056937
0.00796563564534798,1622.94655381976
0.00797406067089584,1628.76594003306
0.00798219734906132,1628.65117581337
0.00799008040299139,1630.18795543162
0.00799770520103991,1631.15134459874
0.00800510547430014,1631.66729323696
0.00842293795729365,1632.88722494699
0.00843028357527541,1631.2057045997
0.00843742381175504,1634.41516244936
0.00844437165275422,1633.31254511139
0.00845120625749097,1638.52338159988
0.00845795183656495,1639.51577231742
0.0084646080058487,1640.2847914007
0.00847121141024431,1641.08489768364
0.00847776916029541,1641.44634031529
0.00848425714159791,1641.7153762989
0.00849075633584637,1641.72822547738
0.00849724703838956,1642.07027897271
0.00850373054064983,1642.22597972213
0.00851019487229285,1642.13273304644
0.00851666327814252,1639.92131599844
0.00852321004005068,1635.84460151087
0.0085297919226761,1637.58472220466
0.0085364132309383,1640.79413274416
0.00854305375367301,1640.67563837013
0.00854970625018437,1645.0186261029
0.00855641126097449,1648.38002822051
0.00856312944902086,1651.25107734563
0.00856987851718879,1651.70371823437
0.00857664120648036,1651.97912230604
0.00858341862055966,1652.43124853345
0.00859020916694521,1652.81259660428
0.00859702057544775,1652.96422486281
0.00861075760773006,1658.32032129666
0.00907102350516189,1663.77021589308
0.00862440434401634,1665.06645880464
0.00863117156569904,1660.32836580232
0.00909950520452819,1662.64214643663
0.00910662947583791,1666.3464044744
0.00911373775146247,1666.90796828049
0.00912083343230943,1663.9868505009
0.00912792474532335,1665.17728156713
0.000254659774504828,54.1610021872168
0.000273975968402475,59.4647165436488
0.000314424910296343,71.7456154012784
0.000351591181036242,90.3405840101969
0.000375466698452383,142.29830615791
0.000427079636560746,189.654614439063
0.000506188593394944,272.287538311018
0.000563195930915243,328.692992231251
0.000597769143769653,347.581304582063
0.00066393511422274,378.253059414455
0.00074477336314932,430.551477290774
0.000825662004508062,477.579031702009
0.000873138447672126,512.059823519822
0.000967020356635762,548.45541430458
0.00102158599706829,586.607152659067
0.00107860372275089,615.209186006791
0.00119316273640299,652.062511419614
0.00125863865679994,682.917035345415
0.00132712273572862,717.357310095534
0.00163513683759827,799.119339216216
0.00180469194716776,934.670816186441
0.00189934971285356,949.67582518631
0.00190605469637983,970.043283098646
0.00200462944840066,988.823769551488
0.0021075220089464,1007.68949221052
0.00221495266667816,1027.52007405625
0.00232724465363269,1044.63329711895
0.0024446706570029,1061.09469476002
0.00284078187888392,1132.90616412413
0.00298342786388166,1145.8235109192
0.00298820282142648,1158.31771989853
0.00313829424358974,1170.73579238099
0.00314329568667324,1182.39840732777
0.00314822158878756,1193.54020738885
0.0033062682228437,1204.59750668956
0.00331133943354179,1215.27761561988
0.00347744322239462,1225.66648693381
0.00367346918071984,1272.75030608727
0.00385754597039493,1282.19095501622
0.00386316065586528,1290.13100636957
0.0038687144115465,1298.57786483972
0.00406255102548933,1307.01330570448
0.00406838440765143,1314.9754405437
0.00407417153509195,1323.66826358037
0.00427821515243595,1331.20589650439
0.00475034919455103,1376.82691835226
0.00475686988403073,1383.43583689806
0.00476334981787972,1389.24679157705
0.00476983006362184,1397.14924411614
0.00500851858435827,1404.2139412064
0.00501527731298626,1410.32532652254
0.00502198684703358,1416.59394195533
0.00527320380055113,1422.47926005707
0.00528023007289936,1428.46926374985
0.005287203299751,1434.359231006
0.00529414337777255,1440.1702065934
0.00555884827139069,1445.76176837995
0.00556611655668152,1451.2948882341
0.00557335979547481,1456.55905916256
0.00558057053857254,1461.98710644366
0.00558773441427034,1467.21690650042
0.0058670148195936,1471.61056983359
0.00587453092613934,1476.65173243426
0.0058820212408332,1481.27170272981
0.00588947190346057,1484.56377151279
0.00589689793956422,1488.40912559559
0.0059043759208564,1492.49063670005
0.0059118041646631,1498.11423179385
0.00620711126316489,1502.79757034804
0.00621502018853091,1506.85971039964
0.00684306567165736,1512.56306318674
0.00685162460388043,1514.85623628245
0.00623837350159335,1518.03928549916
0.00624607696936179,1524.30959388452
0.00625378631971068,1527.24637347006
0.00626146759124643,1530.36243247235
0.00626916917575292,1533.92410214202
0.00627687582605245,1537.56391426956
0.00659029995874567,1541.2710095614
0.00725614757168149,1544.29795482799
0.00727394579823992,1550.91270677945
0.00662259163759781,1553.86233877142
0.00663058228532125,1560.38103065811
0.00696147340096583,1563.34769355508
0.00730896269425233,1566.0335506926
0.00697819714179599,1567.66890011739
0.00698645855443565,1570.57448542904
0.00699478348386806,1572.50956843275
0.00700313145359671,1576.00284227203
0.00771037923342419,1578.35345053052
0.00771951110749919,1578.88908615459
0.00772862387994034,1581.4871260988
0.0070363684355354,1585.501487846
0.00738732933110398,1596.17580496279
0.00775585531959144,1597.42241054527
0.00776495974233001,1598.97044923729
0.00777404119183916,1600.32971434105
0.00778307798458406,1601.88466820647
0.00779192914694569,1602.53297974794
0.0078008260627242,1603.35185129439
0.00780980888713077,1603.74672256583
0.00820685797554355,1605.56718866441
0.00821634129225388,1605.36863931509
0.00822579661816132,1607.80601368902
0.00823521365606256,1609.34513540584
0.00824481510506642,1618.16243769784
0.00825429430724458,1624.76877494782
0.00826374819973952,1621.99576071977
0.00869714720045097,1623.93442429359
0.00870705488596036,1623.30698007796
0.00871680507226042,1621.55364513175
0.00872660831259608,1624.40152509015
0.00873642150841055,1624.16885132848
0.00874631686802844,1615.48042552216
0.00875621987072514,1615.02792870625
0.00876612436597063,1614.40809997818
0.0087759775403164,1613.38103475323
0.00878592742811075,1621.60015684374
0.00879587601037642,1624.10966821073
0.00880580072690319,1619.28327442392
0.00927936593035778,1615.05066356732
0.00928978239156717,1609.44909312068
0.00930017688652851,1613.92185764417
0.00931049536111051,1605.51297142345
0.00933100652194973,1578.01387450246
0.00934126526193439,1514.56978678565
0.00935168980820391,1749.25201313446
0.00936209288831511,1675.49980281042
0.00991106890827714,1690.19285130871
0.000228022389424528,166.294858534917
0.000238674996193227,166.287376511615
0.000257334720024647,166.218557397384
0.000276007647904767,208.57734754632
0.000295275615865345,200.131031287709
0.000315191208008967,216.176944363652
0.000336366096212757,221.959453911849
0.000358654210925255,234.817622447283
0.000382120049618717,247.235923132335
0.000406811752474286,266.990411019081
0.000432783305586441,280.376836231808
0.000481405054850017,290.508022431815
0.000511125373273538,313.349876123971
0.000542236704462519,331.406586210106
0.000601641734457828,340.278691949326
0.000636788359765376,377.578846348057
0.000673681146002266,405.031369539455
0.000746125745970816,432.240233938283
0.000788257852601258,470.749748008726
0.000832339462515944,491.785877060074
0.000919990371451648,510.876225768225
0.000969926802829169,548.636807310488
0.00102204267013024,582.628888296727
0.00118801455319435,642.369514096816
0.00125045660048246,669.360843337108
0.00131587077385115,693.894753798477
0.00138436726366054,716.189815880801
0.00145616375849283,739.202412066142
0.00153137423083073,754.779759464569
0.00153588247672165,769.491211339597
0.00161448073766443,780.105277564662
0.00169666672630386,788.01367773648
0.00196880470468613,955.838866785737
0.00206667496150029,990.893556624916
0.00216918601703522,1005.72409673971
0.00217134287522618,996.999046564271
0.00227878667493434,1030.98640864329
0.00228084424155956,1021.02669002562
0.00239362801049949,1035.45273383198
0.00239579652437174,1046.23196642461
0.00251426496944097,1055.43008907729
0.00277615684145387,1101.09521788783
0.00277848790891523,1109.61793105065
0.00278073723176315,1117.45103402308
0.00291805655729326,1125.37940834325
0.00292042542990851,1133.27134254752
0.00292273808145092,1140.896764061
0.00306705488717834,1148.06987757591
0.00306945901677221,1155.24069054486
0.00307182470300249,1162.21879246138
0.00339011596967575,1194.99650593527
0.00339256813558782,1200.83976054288
0.0033949901493353,1206.67567606176
0.00356245469803153,1212.69740578265
0.00356500714420995,1218.51002053364
0.00356753888133264,1224.17704862126
0.00357002868630596,1229.60670202378
0.00374606586787619,1234.71469783783
0.00394675801282883,1268.58603603344
0.0039493463789676,1273.03782406069
0.00414397213863751,1277.29845763727
0.00414667004288716,1281.67527771901
0.00414934226100739,1285.81710939418
0.00415198162271146,1289.80882291028
0.00415460125907341,1293.92071320774
0.00415720455203133,1297.98001203035
0.00436202233596766,1301.77881970152
0.00436475142236491,1305.48575034333
0.00436744534732857,1309.34264062572
0.00437013127460257,1313.21604463638
0.00458537259882313,1316.91954422394
0.00458818681215288,1320.55939179749
0.00459098795397099,1324.15713113623
0.00459377815438213,1327.61605267078
0.00482003797190919,1331.1859394197
0.00482294604438219,1334.44113264883
0.00482580942941046,1337.82524923574
0.00506340164314553,1341.02448390815
0.00506948115125177,1347.58248337828
0.00507258766603755,1351.07691073194
0.00507547457400675,1354.9740908429
0.00507832056322358,1355.62480241549
0.00508117544134832,1359.4197043879
0.00508407777281024,1362.62645264896
0.00533434110231015,1365.47506498273
0.00533739652127574,1368.32917555202
0.00534042113467777,1371.13924808652
0.00534351625118297,1373.60768497021
0.005346593610776,1376.17836903436
0.00534954034074692,1376.31552239702
0.00535248668898639,1378.81613770527
0.00535535959514987,1381.35546545274
0.00535831069988818,1385.58535324923
0.00536125746855085,1388.08610721776
0.00536412910609425,1390.02903008792
0.00562810735204147,1392.76837103363
0.00563115439872734,1395.26108470414
0.00563417161388567,1398.20532464817
0.00563716484029948,1400.39344799773
0.00564021830054751,1402.75655251611
0.00564324331226968,1404.26302449204
0.00564620015935913,1404.70424900141
0.00564914491829398,1406.69988169512
0.00565208765119666,1408.11445734969
0.00565504926783772,1410.18894093704
0.00565796826267339,1413.16307861769
0.00566092065616819,1417.51003757497
0.00566385650763548,1420.13285031401
0.0056667990490028,1421.35652140885
0.00594549591691205,1422.82902440164
0.00594862303123685,1424.1610842507
0.00595173077276319,1425.66280121207
0.0059548208672204,1427.84344089827
0.00595776646935714,1430.17835974408
0.00596076360447674,1433.25703886055
0.00596382271724231,1435.41497718238
0.00596686896130889,1437.05502958284
0.00596988244795371,1438.47529131915
0.00597289698146897,1439.56655203199
0.00597593882695217,1440.92676455091
0.00597892038142028,1442.58962399152
0.00598188667409717,1444.41308625755
0.00598485158078788,1446.19237221989
0.00598780347945382,1448.14847246751
0.00599073061430083,1450.205582742
0.00599372977077377,1454.30903193126
0.00599668786208394,1456.15183653759
0.00599962724360305,1457.07854726709
0.00600256556725912,1458.33049441457
0.00629761369848244,1459.48047390556
0.0063007387939611,1460.94669554593
0.00630383535587255,1462.53930163864
0.00630693490986067,1464.04037166889
0.00631001608294532,1466.33611738753
0.00631304266241519,1466.34078874547
0.00631604062015195,1468.41764228983
0.00631903612551704,1471.03124613627
0.00632207304839281,1473.10659423685
0.00632506798767099,1473.75499766356
0.00632808158708945,1474.68867915319
0.00633107189575104,1475.93961506743
0.00633405388853134,1477.53306815677
0.00633703453450429,1478.71058372995
0.00634000227423096,1480.16716677087
0.00634297111484886,1481.61726841293
0.00634599196761402,1483.8227422734
0.00634893594329607,1486.91260834843
0.0063518770709897,1487.49013992219
0.00635479664768631,1489.41137107741
0.00635772991438577,1491.66946920415
0.00636066013141244,1492.89486647632
0.00636358884713222,1494.1982196143
0.00636651782464589,1495.4465257543
0.00636944692396499,1496.28646662418
0.00637239817676904,1497.72768971742
0.0063753346067618,1499.10954394732
0.0066915411085053,1501.47018022436
0.000221635307660532,80.1582137532583
0.000237457260023073,46.1862961640665
0.00024656445348176,73.2707209758979
0.000265385950029235,91.7574535589059
0.000297502653872029,114.845243315306
0.000318662286731432,158.13789760047
0.000364220486062163,194.133704483227
0.000406656738490129,245.742453504883
0.000433390814011892,265.903275519902
0.00046160609924002,275.602391853524
0.000513961256250265,300.305383267438
0.000546227056672432,324.666912661182
0.000607261047676441,353.369400958599
0.00064411672108478,379.071654435343
0.000715068841753862,409.608992488686
0.000939297865659841,551.330245624573
0.00104016680721342,582.019675096969
0.00109855377668024,617.856399250956
0.00116004120146271,657.247149754753
0.00128326084515294,689.109466243489
0.00135389235053597,723.034270499347
0.00142814559825462,755.531592474225
0.00150630294380722,776.976875626133
0.0015886032018045,792.676513537216
0.00206266697424775,1008.86307134227
0.00217008948034024,1033.41232605763
0.00228234159393046,1054.59874249259
0.00239983070687053,1075.9108171217
0.00252296549006216,1096.07764220356
0.00265215182550783,1114.82739979266
0.00265881498846869,1132.78792156022
0.00279478217557765,1150.03584313453
0.00293765796632785,1166.73419915688
0.00326984671498541,1241.20600521083
0.00327766458061921,1255.51735592304
0.00344496094355445,1268.28077966425
0.00345298436541642,1281.56683265397
0.00362903762214659,1293.90331730516
0.0036374108629655,1307.02432729151
0.00382275582839784,1322.0662282793
0.00383137541009911,1331.16763269566
0.00448510986524214,1410.79350955525
0.00449451797272663,1416.34986561554
0.00472278840756962,1414.5389773396
0.00473257488530777,1425.7462523338
0.00474223623778283,1435.26023518907
0.00498287755910101,1442.04589786525
0.00499295012963439,1452.77888250947
0.00500294496208214,1460.38851998281
0.00525665434820374,1468.44989422715
0.00526705611962203,1476.86874198645
0.00553398543396286,1484.02784790584
0.00554476967429111,1492.32875156097
0.00555548041451299,1499.19700264328
0.00583683244308647,1505.66518696895
0.00584801613631637,1512.7195266042
0.00585910551299014,1519.64597965936
0.00615564889799428,1526.04017570452
0.00616715240393666,1532.70972487525
0.00617859796102016,1538.30012387021
0.0064910537411242,1544.55581138854
0.00650298178789886,1550.01843901184
0.00651476602892413,1556.16513058251
0.00684394832120315,1561.34096363411
0.00685621015384167,1564.22437540283
0.00686831969191582,1568.29978049963
0.00688046937692146,1573.0075376449
0.0072279543873299,1578.51553967476
0.00724075297403142,1577.66687532649
0.00725322901527702,1587.21940779266
0.00726564939502993,1585.50253269894
0.00727808823330738,1587.8310389866
0.00729055680599839,1587.82985868576
0.00765848021553163,1588.59890696636
0.00767137485963952,1595.2666673311
0.00768422870876885,1590.8403721856
0.00769693477294823,1579.03671880547
0.0080847040294424,1572.05366584652
0.00809824585888141,1486.20238301632
0.00895030449011706,1553.52697502866
0.00896472068535811,1516.38104689121
0.00854156713400819,1531.03470532774
