0.00000e+00 -1.90320e-26 -5.86740e-27
2.44141e-04 -1.45448e-26 -3.36536e-26
4.88281e-04 -2.12761e-27 7.04423e-27
7.32422e-04 -4.45494e-27 1.52211e-26
9.76562e-04 -6.67422e-27 -6.45991e-27
1.22070e-03 -1.21586e-26 5.55029e-27
1.46484e-03 -1.46451e-27 -1.31548e-26
1.70898e-03 -1.57387e-27 -6.52004e-27
1.95312e-03 7.93557e-27 -2.43088e-27
2.19727e-03 3.75304e-27 3.40818e-28
2.44141e-03 9.43895e-28 -1.63427e-27
2.68555e-03 -1.90013e-26 3.58405e-27
2.92969e-03 -1.11595e-26 -3.75442e-26
3.17383e-03 -3.07244e-26 1.27940e-26
3.41797e-03 5.79120e-27 -3.39852e-26
3.66211e-03 1.82620e-26 5.53600e-25
3.90625e-03 -4.69826e-26 2.27923e-25
4.15039e-03 -9.00856e-26 3.24879e-25
4.39453e-03 -1.00212e-25 1.92793e-25
4.63867e-03 6.76611e-26 4.65771e-25
4.88281e-03 3.63040e-24 5.55311e-25
5.12695e-03 -3.33267e-25 1.55432e-24
5.37109e-03 -1.09379e-24 6.05650e-24
5.61523e-03 3.90024e-24 1.25092e-23
5.85938e-03 -4.15287e-24 -8.35183e-24
6.10352e-03 -3.28412e-24 -1.87702e-23
6.34766e-03 -1.49946e-24 -5.75311e-24
6.59180e-03 1.07055e-24 2.82472e-24
6.83594e-03 -4.98558e-25 -1.24621e-24
7.08008e-03 -9.73745e-25 -4.77826e-24
7.32422e-03 -2.33927e-25 -3.64843e-24
7.56836e-03 1.20752e-24 5.72706e-25
7.81250e-03 2.15808e-25 2.79750e-24
8.05664e-03 7.55270e-26 3.76789e-24
8.30078e-03 1.01999e-24 3.25987e-24
8.54492e-03 7.63143e-25 2.96053e-24
8.78906e-03 1.00182e-25 3.37259e-24
9.03320e-03 -5.64853e-25 3.32287e-24
9.27734e-03 -8.25118e-25 4.15969e-24
9.52148e-03 -1.13640e-24 4.30428e-24
9.76562e-03 -3.15629e-25 4.39030e-24
1.00098e-02 -3.48837e-25 3.39275e-24
1.02539e-02 8.50823e-27 3.01171e-24
1.04980e-02 -3.57086e-26 2.11979e-24
1.07422e-02 -4.24043e-25 1.66561e-24
1.09863e-02 -1.82864e-25 2.82008e-24
1.12305e-02 -2.48568e-25 2.76681e-24
1.14746e-02 -6.06377e-25 1.76598e-24
1.17188e-02 -1.01248e-24 2.85062e-24
1.19629e-02 -6.52314e-25 2.47164e-24
1.22070e-02 -1.37465e-24 1.92316e-24
1.24512e-02 -1.58829e-24 3.10215e-24
1.26953e-02 -1.44235e-24 1.14479e-24
1.29395e-02 -1.75464e-24 -8.05001e-24
1.31836e-02 -7.49789e-24 -1.11253e-23
1.34277e-02 -7.44083e-24 -3.38849e-24
1.36719e-02 -6.12825e-24 1.95208e-24
1.39160e-02 -6.00100e-24 4.73147e-24
1.41602e-02 -4.38224e-24 1.12716e-23
1.44043e-02 8.64721e-24 9.63496e-24
1.46484e-02 1.91712e-23 1.18086e-24
1.48926e-02 1.97677e-23 -1.61508e-23
1.51367e-02 9.03519e-24 -1.23904e-23
1.53809e-02 7.62775e-24 5.30346e-24
1.56250e-02 6.58574e-24 1.12229e-23
1.58691e-02 1.74743e-23 9.30136e-24
1.61133e-02 2.56281e-23 -2.68010e-24
1.63574e-02 2.92017e-23 -8.25763e-24
1.66016e-02 1.82678e-23 -9.21577e-24
1.68457e-02 2.24119e-24 5.85044e-24
1.70898e-02 -4.84126e-24 1.99834e-23
1.73340e-02 -7.21330e-24 1.34893e-23
1.75781e-02 -1.42197e-23 6.32869e-24
1.78223e-02 -1.56650e-23 7.19740e-24
1.80664e-02 -2.05611e-23 8.81416e-24
1.83105e-02 -3.04135e-23 1.40282e-26
1.85547e-02 -4.32829e-23 -4.14893e-24
1.87988e-02 -3.97387e-23 -1.00526e-23
1.90430e-02 -9.53984e-24 -1.80288e-23
1.92871e-02 2.23343e-23 -2.75851e-23
1.95312e-02 3.06375e-23 -1.82187e-23
1.97754e-02 4.32769e-23 -1.64319e-23
2.00195e-02 3.03283e-23 3.74777e-25
2.02637e-02 9.07354e-24 2.22860e-23
2.05078e-02 -1.44446e-23 3.84472e-23
2.07520e-02 -2.57406e-23 3.56390e-23
2.09961e-02 -5.41224e-23 5.49219e-23
2.12402e-02 -8.62242e-23 6.08815e-23
2.14844e-02 -8.37013e-23 4.90576e-23
2.17285e-02 -3.12984e-23 9.48174e-23
2.19727e-02 -3.26003e-23 1.12892e-22
2.22168e-02 -8.48056e-23 5.03922e-23
2.24609e-02 -8.62745e-23 4.99496e-23
2.27051e-02 -5.41107e-23 6.33627e-24
2.29492e-02 -2.02541e-23 -2.55547e-23
2.31934e-02 2.36123e-23 -3.94045e-23
2.34375e-02 6.13783e-23 -5.13543e-23
2.36816e-02 6.83337e-23 -4.25225e-23
2.39258e-02 6.22424e-23 -5.53303e-23
2.41699e-02 5.69533e-23 -8.04541e-23
2.44141e-02 6.95719e-23 -8.41913e-23
2.46582e-02 1.17724e-22 -8.41579e-23
2.49023e-02 1.21749e-22 -9.16682e-23
2.51465e-02 8.44854e-23 -1.25262e-22
2.53906e-02 6.45354e-23 -1.08837e-22
2.56348e-02 5.75115e-23 -1.09712e-22
2.58789e-02 6.60928e-23 -1.24160e-22
2.61230e-02 8.27213e-23 -1.24675e-22
2.63672e-02 5.85622e-23 -1.17293e-22
2.66113e-02 3.27974e-23 -8.15437e-23
2.68555e-02 5.73728e-24 -6.69691e-23
2.70996e-02 -2.17476e-23 -7.28566e-23
2.73438e-02 -4.26081e-23 -4.51710e-23
2.75879e-02 -5.38293e-23 -3.94356e-23
2.78320e-02 -6.39683e-23 -5.25660e-23
2.80762e-02 -6.60148e-23 -7.90542e-24
2.83203e-02 -7.73907e-23 9.25617e-24
2.85645e-02 -7.46764e-23 3.08634e-23
2.88086e-02 -6.35974e-23 6.19582e-23
2.90527e-02 -5.37213e-23 1.00039e-22
2.92969e-02 -4.05104e-23 1.28575e-22
2.95410e-02 -4.56462e-23 1.16140e-22
2.97852e-02 -4.63172e-23 1.32657e-22
3.00293e-02 -5.41833e-23 1.40426e-22
3.02734e-02 -5.43025e-23 1.34412e-22
3.05176e-02 -6.97979e-23 1.39141e-22
3.07617e-02 -6.79991e-23 1.34897e-22
3.10059e-02 -5.25219e-23 1.06966e-22
3.12500e-02 -4.50939e-23 1.06545e-22
3.14941e-02 -3.06940e-23 9.05459e-23
3.17383e-02 -1.65834e-23 9.45539e-23
3.19824e-02 1.89094e-24 9.14636e-23
3.22266e-02 9.26105e-24 5.71392e-23
3.24707e-02 2.41070e-23 5.81799e-23
3.27148e-02 5.70528e-23 5.72962e-23
3.29590e-02 7.11986e-23 5.40639e-23
3.32031e-02 7.84944e-23 2.14876e-23
3.34473e-02 8.71378e-23 9.66577e-24
3.36914e-02 8.46536e-23 1.47544e-24
3.39355e-02 8.80501e-23 -1.55748e-23
3.41797e-02 9.65765e-23 -3.98217e-23
3.44238e-02 8.40951e-23 -3.63842e-23
3.46680e-02 7.52448e-23 -3.50471e-23
3.49121e-02 7.29165e-23 -3.87107e-23
3.51562e-02 6.73519e-23 -5.02026e-23
3.54004e-02 5.40265e-23 -6.91974e-23
3.56445e-02 3.54411e-23 -1.03752e-22
3.58887e-02 2.05936e-23 -1.07556e-22
3.61328e-02 -1.26127e-23 -8.85637e-23
3.63770e-02 -4.42484e-23 -9.31170e-23
3.66211e-02 -3.31557e-23 -1.03384e-22
3.68652e-02 -5.72882e-23 -1.03982e-22
3.71094e-02 -8.14654e-23 -9.81409e-23
3.73535e-02 -7.66456e-23 -7.92305e-23
3.75977e-02 -5.69428e-23 -9.05080e-23
3.78418e-02 -6.70984e-23 -4.87538e-23
3.80859e-02 -7.52334e-23 -3.62719e-23
3.83301e-02 -7.28905e-23 -4.64108e-23
3.85742e-02 -6.15239e-23 -6.81788e-23
3.88184e-02 -4.36400e-23 -5.40180e-23
3.90625e-02 -4.23367e-23 -2.35719e-23
3.93066e-02 -4.64434e-23 -1.56379e-24
3.95508e-02 -4.09471e-23 8.77986e-24
3.97949e-02 -4.07271e-23 -4.56878e-25
4.00391e-02 1.07087e-24 -2.54166e-23
4.02832e-02 3.17400e-23 -4.87964e-23
4.05273e-02 3.91558e-23 -2.62773e-23
4.07715e-02 2.24901e-23 1.85797e-23
4.10156e-02 -3.91282e-24 2.63424e-23
4.12598e-02 4.08711e-23 -4.29218e-25
4.15039e-02 9.54564e-23 -1.43548e-23
4.17480e-02 8.75011e-23 -9.96476e-24
4.19922e-02 5.60151e-23 9.45315e-24
4.22363e-02 5.09993e-23 3.84513e-23
4.24805e-02 5.51515e-23 5.89168e-23
4.27246e-02 6.75870e-23 3.81830e-23
4.29688e-02 8.83863e-23 2.99651e-23
4.32129e-02 7.76622e-23 5.58562e-23
4.34570e-02 5.15654e-23 7.62751e-23
4.37012e-02 1.55116e-24 1.06425e-22
4.39453e-02 -2.38316e-23 1.05621e-22
4.41895e-02 8.61884e-24 7.82701e-23
4.44336e-02 1.33187e-23 6.95665e-23
4.46777e-02 -2.15609e-23 8.19280e-23
4.49219e-02 -3.84060e-23 1.02866e-22
4.51660e-02 -6.10989e-23 8.96894e-23
4.54102e-02 -7.67657e-23 6.12895e-23
4.56543e-02 -7.69985e-23 2.57345e-23
4.58984e-02 -2.47858e-23 9.08889e-24
4.61426e-02 -3.71854e-23 1.17276e-23
4.63867e-02 -6.51690e-23 5.42635e-24
4.66309e-02 -7.07328e-23 6.97108e-24
4.68750e-02 -4.52545e-23 2.63712e-23
4.71191e-02 -3.96913e-23 -2.59194e-23
4.73633e-02 -2.23894e-23 -6.11197e-23
4.76074e-02 -2.38105e-24 -4.30449e-23
4.78516e-02 -4.16186e-23 -2.11667e-23
4.80957e-02 -8.55733e-23 -1.15820e-23
4.83398e-02 -7.70883e-23 -6.03858e-24
4.85840e-02 -2.60968e-23 -2.60656e-23
4.88281e-02 3.41868e-23 -1.68464e-23
4.90723e-02 3.65854e-23 6.87248e-24
4.93164e-02 8.08039e-24 3.08668e-23
4.95605e-02 -1.15162e-23 9.90278e-24
4.98047e-02 8.44312e-24 -2.24288e-24
5.00488e-02 -4.71092e-24 6.96467e-24
5.02930e-02 1.89938e-23 -9.07690e-24
5.05371e-02 1.42545e-23 -1.83520e-24
5.07812e-02 -1.70896e-23 7.92029e-24
5.10254e-02 -3.27634e-24 2.12012e-24
5.12695e-02 1.70956e-24 -9.17318e-24
5.15137e-02 2.22843e-23 -3.78749e-23
5.17578e-02 4.72038e-23 -6.63435e-23
5.20020e-02 5.58566e-23 -8.54071e-23
5.22461e-02 6.09372e-23 -5.76408e-23
5.24902e-02 5.71249e-23 -2.69080e-23
5.27344e-02 3.76456e-23 -5.58546e-23
5.29785e-02 4.65925e-23 -4.75675e-23
5.32227e-02 7.79988e-23 -5.81267e-23
5.34668e-02 9.88692e-23 -4.00518e-23
5.37109e-02 1.10156e-22 -3.75036e-24
5.39551e-02 8.17684e-23 1.49464e-23
5.41992e-02 4.46669e-23 2.50816e-23
5.44434e-02 4.14052e-23 2.54119e-23
5.46875e-02 2.34635e-23 7.15691e-24
5.49316e-02 4.47831e-24 8.76542e-25
5.51758e-02 -1.31152e-23 4.10000e-25
5.54199e-02 -2.54929e-23 7.15968e-24
5.56641e-02 -2.14311e-23 1.32694e-23
5.59082e-02 -6.91709e-24 -4.22913e-23
5.61523e-02 -1.18448e-23 -7.37019e-23
5.63965e-02 -4.28847e-23 -4.61345e-23
5.66406e-02 -4.41778e-23 -8.08159e-24
5.68848e-02 -3.24985e-23 -2.82027e-23
5.71289e-02 -4.17384e-23 -4.49239e-23
5.73730e-02 -5.52010e-23 -4.04935e-23
5.76172e-02 -5.91432e-23 2.24536e-23
5.78613e-02 -5.00912e-23 4.19087e-23
5.81055e-02 -6.37800e-23 6.25335e-23
5.83496e-02 -6.89178e-23 6.80052e-23
5.85938e-02 -6.92574e-23 8.94104e-23
5.88379e-02 -8.91284e-23 1.17210e-22
5.90820e-02 -6.30643e-23 1.04602e-22
5.93262e-02 -3.46889e-23 9.53802e-23
5.95703e-02 -9.20374e-24 7.44285e-23
5.98145e-02 -1.34049e-23 9.55660e-23
6.00586e-02 -1.66539e-23 8.54454e-23
6.03027e-02 -1.64923e-23 4.63636e-23
6.05469e-02 -2.60938e-23 3.44604e-23
6.07910e-02 -1.90234e-23 1.11290e-23
6.10352e-02 9.00581e-24 -4.47019e-23
6.12793e-02 1.66398e-24 -6.17236e-23
6.15234e-02 1.86934e-23 -5.43340e-23
6.17676e-02 -1.24948e-24 -6.88997e-23
6.20117e-02 4.30032e-24 -5.30637e-23
6.22559e-02 1.54437e-23 -2.98210e-23
6.25000e-02 1.95566e-23 -3.91274e-23
6.27441e-02 2.54899e-23 -4.00049e-23
6.29883e-02 2.91555e-23 -2.87812e-23
6.32324e-02 4.57867e-23 -1.58203e-23
6.34766e-02 8.05572e-23 -1.90412e-24
6.37207e-02 1.04331e-22 6.37780e-24
6.39648e-02 1.08868e-22 2.78901e-23
6.42090e-02 1.05000e-22 2.74552e-23
6.44531e-02 9.67418e-23 2.85523e-23
6.46973e-02 8.30626e-23 2.38272e-23
6.49414e-02 6.63476e-23 -1.77671e-23
6.51855e-02 5.08475e-23 -6.16568e-23
6.54297e-02 4.54568e-23 -8.80211e-23
6.56738e-02 3.44394e-23 -1.06458e-22
6.59180e-02 -1.41404e-23 -1.15696e-22
6.61621e-02 -3.11572e-23 -1.19030e-22
6.64062e-02 -5.83638e-23 -1.05512e-22
6.66504e-02 -6.78071e-23 -9.11278e-23
6.68945e-02 -6.73261e-23 -6.78408e-23
6.71387e-02 -5.77180e-23 -4.16406e-23
6.73828e-02 -5.45071e-23 -1.00426e-23
6.76270e-02 -6.70993e-23 6.37021e-24
6.78711e-02 -5.27166e-23 1.85259e-23
6.81152e-02 -3.00519e-23 3.78244e-23
6.83594e-02 -1.63051e-23 6.12112e-23
6.86035e-02 -2.81094e-23 6.61221e-23
6.88477e-02 -3.80224e-23 1.00197e-22
6.90918e-02 -6.85023e-23 1.24249e-22
6.93359e-02 -7.13716e-23 1.34456e-22
6.95801e-02 -6.41444e-23 1.32252e-22
6.98242e-02 -2.45479e-23 1.08243e-22
7.00684e-02 -1.28531e-23 8.04426e-23
7.03125e-02 -2.38412e-23 7.94296e-23
7.05566e-02 -3.10741e-23 2.91553e-23
7.08008e-02 -3.24444e-24 -3.02083e-24
7.10449e-02 1.17782e-23 -2.36377e-23
7.12891e-02 2.76634e-23 2.14266e-23
7.15332e-02 3.77398e-23 3.90857e-23
7.17773e-02 3.42830e-23 1.12539e-23
7.20215e-02 8.83042e-24 -8.04844e-24
7.22656e-02 8.37597e-24 -2.66476e-23
7.25098e-02 -1.07000e-24 -3.10277e-23
7.27539e-02 1.06069e-23 -1.29515e-23
7.29980e-02 -7.55920e-25 9.22882e-24
7.32422e-02 -5.05409e-24 3.36197e-23
7.34863e-02 1.45036e-23 2.38872e-23
7.37305e-02 3.00711e-23 1.67994e-23
7.39746e-02 9.02200e-24 -7.39276e-24
7.42188e-02 1.42929e-23 1.02715e-24
7.44629e-02 2.47922e-23 1.71421e-23
7.47070e-02 3.74221e-23 6.82682e-24
7.49512e-02 5.06299e-23 -2.76089e-23
7.51953e-02 8.90324e-23 -3.48621e-23
7.54395e-02 6.04923e-23 -7.45163e-23
7.56836e-02 2.34640e-23 -1.02202e-22
7.59277e-02 1.22165e-23 -1.15582e-22
7.61719e-02 3.57373e-23 -9.25452e-23
7.64160e-02 4.06500e-23 -9.99275e-23
7.66602e-02 1.58686e-23 -1.17616e-22
7.69043e-02 -2.11361e-23 -1.21003e-22
7.71484e-02 -6.63537e-23 -1.10445e-22
7.73926e-02 -5.89956e-23 -1.01175e-22
7.76367e-02 3.54729e-24 -4.52026e-23
7.78809e-02 4.11994e-23 1.23324e-24
7.81250e-02 7.25760e-24 4.27545e-23
7.83691e-02 -2.30418e-23 7.96307e-23
7.86133e-02 -1.34230e-23 8.21921e-23
7.88574e-02 1.24546e-23 1.18675e-22
7.91016e-02 9.94192e-24 1.45739e-22
7.93457e-02 -1.00320e-23 1.13747e-22
7.95898e-02 1.65434e-24 5.56185e-23
7.98340e-02 -1.54594e-23 1.57150e-23
8.00781e-02 -5.89296e-23 3.80479e-24
8.03223e-02 -5.81943e-23 -1.09546e-23
8.05664e-02 -1.57166e-23 -2.23116e-23
8.08105e-02 2.12238e-23 -5.53582e-24
8.10547e-02 5.65830e-24 -2.17529e-23
8.12988e-02 -2.23420e-23 -4.93443e-23
8.15430e-02 -6.44579e-23 -2.86225e-23
8.17871e-02 -5.57872e-23 -2.55331e-23
8.20312e-02 -2.49603e-23 -2.82237e-23
8.22754e-02 4.20003e-24 1.01957e-23
8.25195e-02 -2.45669e-23 6.59761e-23
8.27637e-02 -4.55221e-23 6.11051e-23
8.30078e-02 -3.11377e-23 9.22102e-24
8.32520e-02 -4.90520e-24 2.21697e-23
8.34961e-02 2.38870e-23 6.12581e-24
8.37402e-02 4.71220e-23 -2.24644e-23
8.39844e-02 6.27893e-23 -2.94174e-23
8.42285e-02 6.18361e-23 2.35397e-25
8.44727e-02 4.08114e-23 -2.44693e-23
8.47168e-02 5.85199e-23 3.04573e-24
8.49609e-02 1.08979e-22 1.31200e-23
8.52051e-02 9.92934e-23 1.26316e-23
8.54492e-02 8.70600e-23 -1.13641e-23
8.56934e-02 3.28918e-23 -1.87796e-24
8.59375e-02 2.96594e-23 2.26096e-23
8.61816e-02 3.85317e-23 4.99920e-23
8.64258e-02 2.08944e-24 3.07415e-23
8.66699e-02 -3.86648e-23 1.59079e-23
8.69141e-02 -4.70983e-23 7.30633e-24
8.71582e-02 -4.57746e-23 -2.72075e-24
8.74023e-02 -5.31797e-23 -1.17150e-23
8.76465e-02 -4.16204e-23 9.19125e-24
8.78906e-02 -5.71506e-23 -4.17651e-24
8.81348e-02 -4.42391e-23 -7.20742e-26
8.83789e-02 -3.22850e-23 -1.11427e-24
8.86230e-02 1.33132e-23 9.91922e-24
8.88672e-02 1.94396e-23 3.07239e-23
8.91113e-02 -4.68449e-24 -4.23028e-24
8.93555e-02 -3.35587e-23 -4.81415e-23
8.95996e-02 -4.59487e-23 -4.62168e-23
8.98438e-02 -3.61909e-23 -2.92415e-23
9.00879e-02 -4.51842e-23 -4.54772e-23
9.03320e-02 -2.76000e-23 -1.78856e-23
9.05762e-02 -6.28248e-25 2.98447e-23
9.08203e-02 -1.15862e-23 8.07769e-24
9.10645e-02 -1.71182e-24 -4.96241e-23
9.13086e-02 8.99522e-24 -5.80095e-23
9.15527e-02 9.51640e-24 -2.65638e-23
9.17969e-02 -4.20729e-24 -9.41428e-24
9.20410e-02 -3.46581e-25 2.36051e-24
9.22852e-02 -1.58763e-23 3.12505e-24
9.25293e-02 -1.62131e-23 9.04218e-24
9.27734e-02 -1.54590e-23 -7.68956e-24
9.30176e-02 -1.47454e-23 -1.69473e-23
9.32617e-02 2.72246e-24 1.49480e-24
9.35059e-02 2.05423e-23 4.52573e-23
9.37500e-02 2.62371e-23 4.55112e-23
9.39941e-02 1.84406e-23 3.17524e-23
9.42383e-02 4.51185e-23 -7.24541e-24
9.44824e-02 4.01106e-23 -1.69741e-23
9.47266e-02 2.13625e-23 -7.24021e-24
9.49707e-02 2.50533e-23 2.89737e-23
9.52148e-02 3.77353e-23 -2.38890e-24
9.54590e-02 -9.55568e-24 -3.79798e-23
9.57031e-02 -3.05306e-23 -5.57819e-23
9.59473e-02 -2.30878e-23 -4.72143e-23
9.61914e-02 -5.18474e-24 2.29445e-23
9.64355e-02 -1.43868e-23 4.98830e-23
9.66797e-02 6.95013e-24 1.56992e-23
9.69238e-02 6.28939e-24 -2.79437e-23
9.71680e-02 -2.22669e-23 2.16544e-23
9.74121e-02 -1.30349e-23 6.29318e-23
9.76562e-02 4.64015e-23 6.01457e-23
9.79004e-02 7.45694e-23 3.68105e-23
9.81445e-02 6.04000e-23 2.40976e-23
9.83887e-02 8.42882e-24 2.99125e-23
9.86328e-02 -2.04981e-23 3.42672e-24
9.88770e-02 -2.41038e-23 -3.45567e-23
9.91211e-02 -1.11732e-24 -6.84700e-23
9.93652e-02 -9.96852e-24 -6.50101e-23
9.96094e-02 -2.94984e-23 -7.02293e-23
9.98535e-02 -3.03512e-23 -8.11470e-23
1.00098e-01 -1.65817e-23 -4.19985e-23
1.00342e-01 -4.14580e-24 1.87723e-23
1.00586e-01 8.33246e-24 4.59868e-23
1.00830e-01 1.76331e-23 6.14659e-23
1.01074e-01 5.07427e-24 4.57263e-23
1.01318e-01 8.39300e-25 5.72011e-23
1.01562e-01 -6.84243e-24 4.19432e-23
1.01807e-01 -2.66077e-23 4.90468e-23
1.02051e-01 -1.48357e-23 3.19039e-23
1.02295e-01 -1.57777e-23 2.86629e-23
1.02539e-01 -2.49501e-23 -7.45278e-24
1.02783e-01 -5.87539e-24 -5.85717e-24
1.03027e-01 -5.44176e-24 -2.63206e-23
1.03271e-01 -2.40279e-23 -8.11817e-23
1.03516e-01 -8.12369e-24 -3.64666e-23
1.03760e-01 1.35049e-23 1.01733e-23
1.04004e-01 2.65197e-23 -4.67178e-24
1.04248e-01 3.52579e-23 1.37206e-23
1.04492e-01 -2.15066e-24 4.72419e-23
1.04736e-01 -2.60424e-23 6.87865e-23
1.04980e-01 -2.73087e-23 6.26834e-23
1.05225e-01 4.90393e-24 5.16418e-23
1.05469e-01 8.64773e-24 -5.85949e-25
1.05713e-01 -9.10843e-24 -3.09028e-24
1.05957e-01 -2.31516e-23 -2.90981e-24
1.06201e-01 2.46153e-23 -4.97319e-23
1.06445e-01 4.25233e-23 -8.40296e-23
1.06689e-01 9.76932e-24 -5.80337e-23
1.06934e-01 -1.45136e-24 -1.87317e-23
1.07178e-01 3.13031e-23 2.28916e-23
1.07422e-01 5.54689e-23 2.81316e-23
1.07666e-01 2.86331e-23 2.03290e-23
1.07910e-01 -3.19640e-23 -2.29556e-25
1.08154e-01 -3.55046e-23 1.60816e-23
1.08398e-01 -7.63887e-24 4.93328e-23
1.08643e-01 -8.94532e-24 2.08957e-23
1.08887e-01 -1.69376e-23 -5.12603e-24
1.09131e-01 -2.50707e-23 -4.85394e-23
1.09375e-01 -4.00161e-23 -2.89516e-23
1.09619e-01 6.19172e-24 -1.14413e-23
1.09863e-01 2.26112e-23 -1.26916e-23
1.10107e-01 3.53403e-25 -1.28891e-23
1.10352e-01 -5.61487e-24 -2.27496e-23
1.10596e-01 -3.21856e-23 5.85164e-24
1.10840e-01 -5.00452e-23 3.09167e-23
1.11084e-01 -2.71525e-23 -1.71041e-23
1.11328e-01 -3.40341e-23 -8.49275e-24
1.11572e-01 -2.32930e-23 -2.60236e-23
1.11816e-01 -1.32751e-23 -3.26044e-23
1.12061e-01 -3.76878e-24 -1.92902e-23
1.12305e-01 1.58392e-23 -3.24677e-23
1.12549e-01 3.43550e-23 -6.68955e-24
1.12793e-01 5.57057e-23 1.02025e-23
1.13037e-01 5.55265e-23 2.63393e-23
1.13281e-01 4.42314e-23 3.42778e-23
1.13525e-01 4.10040e-23 5.60841e-23
1.13770e-01 3.61673e-24 4.96998e-23
1.14014e-01 -5.10733e-23 2.13122e-23
1.14258e-01 -3.83692e-23 -1.35540e-23
1.14502e-01 -9.35692e-24 -2.20797e-25
1.14746e-01 -2.01609e-23 4.05099e-23
1.14990e-01 -1.46756e-23 4.31778e-23
1.15234e-01 3.52675e-23 9.42402e-24
1.15479e-01 5.21188e-23 -2.18239e-23
1.15723e-01 2.03176e-24 -2.38048e-23
1.15967e-01 1.63004e-23 -5.59136e-24
1.16211e-01 3.02734e-23 -1.46348e-23
1.16455e-01 3.41583e-23 -2.72474e-23
1.16699e-01 5.57435e-24 -2.54201e-23
1.16943e-01 -2.19660e-23 -3.26004e-23
1.17188e-01 -2.76902e-23 -1.55430e-23
1.17432e-01 -1.96627e-23 1.99459e-23
1.17676e-01 -4.23648e-23 3.11489e-23
1.17920e-01 -5.07032e-23 6.60426e-23
1.18164e-01 -1.24125e-23 9.40015e-23
1.18408e-01 8.71561e-24 4.73471e-23
1.18652e-01 5.28017e-23 -1.37263e-23
1.18896e-01 9.44684e-23 -4.01336e-23
1.19141e-01 8.02116e-23 -7.01104e-23
1.19385e-01 1.35414e-23 -7.79687e-23
1.19629e-01 -2.98722e-23 -3.28712e-23
1.19873e-01 -3.45691e-23 1.46792e-24
1.20117e-01 -4.74978e-23 -9.20380e-24
1.20361e-01 -8.05201e-23 -4.51333e-23
1.20605e-01 -7.75256e-23 -1.08426e-23
1.20850e-01 -2.15533e-23 9.56700e-24
1.21094e-01 -1.64362e-23 9.69725e-24
1.21338e-01 -2.54342e-24 -1.45743e-23
1.21582e-01 4.16094e-23 -2.70989e-23
1.21826e-01 2.05155e-23 -3.38747e-23
1.22070e-01 -2.75204e-23 -2.38114e-23
1.22314e-01 -1.64109e-23 3.46192e-23
1.22559e-01 -2.88391e-23 4.31781e-23
1.22803e-01 -4.23318e-23 5.61245e-23
1.23047e-01 -2.99643e-23 5.86234e-23
1.23291e-01 -5.90811e-24 3.85655e-23
1.23535e-01 -1.19614e-23 -1.66460e-23
1.23779e-01 1.99040e-23 -2.88466e-23
1.24023e-01 5.69505e-23 -2.89719e-23
1.24268e-01 1.44259e-23 -3.93750e-23
1.24512e-01 -1.12842e-23 -2.54796e-23
1.24756e-01 3.04090e-23 1.43263e-23
1.25000e-01 9.35421e-23 3.30646e-23
1.25244e-01 8.44988e-23 2.73560e-23
1.25488e-01 5.09823e-23 -2.72432e-23
1.25732e-01 1.69343e-23 -1.38874e-23
1.25977e-01 -9.11997e-24 4.40937e-23
1.26221e-01 -6.09896e-23 5.24942e-23
1.26465e-01 -5.86911e-23 9.90560e-24
1.26709e-01 -4.19624e-23 -5.99262e-24
1.26953e-01 -3.12697e-23 -1.36869e-23
1.27197e-01 3.50984e-24 -4.01685e-23
1.27441e-01 1.40543e-23 -3.40436e-23
1.27686e-01 1.87291e-23 -4.25744e-23
1.27930e-01 1.88847e-23 -2.50094e-23
1.28174e-01 1.66507e-23 -3.18708e-23
1.28418e-01 -1.50516e-23 -7.13742e-25
1.28662e-01 -6.07295e-23 2.39574e-23
1.28906e-01 -4.57210e-23 3.53047e-23
1.29150e-01 -1.59306e-24 4.21054e-23
1.29395e-01 1.33698e-23 3.17875e-23
1.29639e-01 3.33320e-23 4.90726e-23
1.29883e-01 2.83805e-23 1.17641e-23
1.30127e-01 7.46100e-24 1.91739e-23
1.30371e-01 2.27717e-23 6.44148e-24
1.30615e-01 -4.12468e-24 -6.47686e-23
1.30859e-01 -6.25385e-23 -9.44238e-23
1.31104e-01 -7.64658e-23 -1.21502e-23
1.31348e-01 -2.97964e-23 1.72821e-23
1.31592e-01 9.36414e-24 3.80978e-23
1.31836e-01 1.80879e-23 1.39080e-23
1.32080e-01 4.40289e-23 1.36277e-23
1.32324e-01 7.34750e-23 1.43126e-23
1.32568e-01 1.07416e-22 -1.76353e-23
1.32812e-01 1.15389e-22 -5.69085e-23
1.33057e-01 6.14980e-23 -3.64680e-23
1.33301e-01 -8.52179e-24 1.08338e-23
1.33545e-01 -7.39873e-23 1.70840e-23
1.33789e-01 -1.47876e-22 -7.52563e-24
1.34033e-01 -1.10157e-22 -2.06142e-23
1.34277e-01 -1.68905e-23 -3.75974e-23
1.34521e-01 -2.48487e-23 1.19080e-23
1.34766e-01 -2.12119e-23 2.92835e-23
1.35010e-01 6.20477e-23 3.67550e-23
1.35254e-01 1.06866e-22 2.52920e-23
1.35498e-01 1.32949e-22 2.55457e-23
1.35742e-01 7.84089e-23 4.02124e-23
1.35986e-01 -8.41832e-24 1.26043e-23
1.36230e-01 -6.73132e-23 -4.16141e-23
1.36475e-01 -5.34680e-23 -5.52916e-23
1.36719e-01 -6.84591e-23 3.96302e-25
1.36963e-01 -4.79998e-23 4.21059e-23
1.37207e-01 -4.88340e-23 1.81396e-23
1.37451e-01 -5.39236e-23 6.53937e-24
1.37695e-01 -3.85786e-23 2.96267e-23
1.37939e-01 2.00272e-23 4.09209e-23
1.38184e-01 4.77642e-23 4.14687e-24
1.38428e-01 8.03896e-23 -4.93988e-23
1.38672e-01 6.99759e-23 -6.18561e-23
1.38916e-01 2.96625e-23 -2.96238e-23
1.39160e-01 -2.70514e-23 -1.30009e-23
1.39404e-01 -5.08880e-23 -5.54499e-24
1.39648e-01 -3.43802e-23 2.09420e-23
1.39893e-01 -2.74549e-23 6.33774e-23
1.40137e-01 -1.09550e-23 5.31693e-23
1.40381e-01 4.26455e-23 -5.47745e-26
1.40625e-01 5.54477e-23 -4.25150e-23
1.40869e-01 -1.27443e-24 -5.27000e-23
1.41113e-01 -4.90645e-23 -5.15932e-23
1.41357e-01 -2.57752e-24 -2.01142e-23
1.41602e-01 3.08174e-23 3.07381e-23
1.41846e-01 5.10839e-23 4.60701e-23
1.42090e-01 9.18941e-24 5.25809e-23
1.42334e-01 -2.59503e-23 4.98612e-23
1.42578e-01 -2.49539e-23 3.44712e-23
1.42822e-01 -2.86622e-23 3.95998e-23
1.43066e-01 -3.01653e-23 -3.87675e-24
1.43311e-01 -4.76687e-24 -2.07058e-23
1.43555e-01 2.30555e-23 -6.61138e-23
1.43799e-01 4.84461e-23 -6.12076e-23
1.44043e-01 6.74934e-23 -4.20107e-23
1.44287e-01 5.35311e-23 -3.49280e-23
1.44531e-01 5.07507e-23 3.44360e-23
1.44775e-01 4.30376e-23 6.51640e-23
1.45020e-01 1.15716e-23 9.21234e-23
1.45264e-01 -8.52676e-24 1.66299e-23
1.45508e-01 -7.47891e-23 -3.90231e-23
1.45752e-01 -1.09493e-22 -7.37539e-24
1.45996e-01 -8.11050e-23 9.56790e-24
1.46240e-01 5.49390e-24 -3.42980e-23
1.46484e-01 4.65848e-23 -7.48143e-23
1.46729e-01 4.83526e-23 -5.65258e-23
1.46973e-01 7.09952e-23 1.73305e-24
1.47217e-01 6.10434e-23 4.78212e-23
1.47461e-01 -1.62919e-23 5.17705e-23
1.47705e-01 -7.66489e-23 6.41217e-23
1.47949e-01 -8.41480e-23 5.49269e-23
1.48193e-01 -8.72426e-23 6.09652e-23
1.48438e-01 -6.82634e-23 -1.28194e-23
1.48682e-01 9.17974e-25 -8.80507e-23
1.48926e-01 4.45819e-23 -7.26123e-23
1.49170e-01 3.26236e-23 -2.34693e-23
1.49414e-01 3.53209e-23 -2.91268e-23
1.49658e-01 7.18407e-23 -1.44757e-23
1.49902e-01 4.16503e-23 1.39359e-23
1.50146e-01 -1.24166e-23 4.65588e-23
1.50391e-01 -2.67779e-23 3.74316e-23
1.50635e-01 -2.04889e-23 4.09477e-23
1.50879e-01 -1.86244e-24 3.04282e-23
1.51123e-01 3.39065e-23 -4.61484e-23
1.51367e-01 4.54461e-23 -6.79840e-23
1.51611e-01 1.17877e-23 -5.50292e-23
1.51855e-01 -1.18672e-23 -5.36288e-23
1.52100e-01 -2.31804e-23 -2.27416e-23
1.52344e-01 -1.48211e-23 3.52501e-23
1.52588e-01 6.70332e-24 4.10675e-23
1.52832e-01 2.18803e-23 5.72956e-23
1.53076e-01 2.90544e-23 4.45027e-23
1.53320e-01 1.75589e-23 3.92501e-23
1.53564e-01 1.75898e-23 1.12818e-23
1.53809e-01 -1.00564e-23 -2.17030e-23
1.54053e-01 -4.05287e-23 -5.75754e-23
1.54297e-01 -1.35238e-23 -5.47783e-23
1.54541e-01 1.09563e-23 -4.94332e-23
1.54785e-01 -4.28817e-24 -3.99990e-23
1.55029e-01 -4.60268e-23 1.93744e-23
1.55273e-01 -3.82229e-23 7.91211e-23
1.55518e-01 -1.79056e-23 9.84211e-23
1.55762e-01 5.16648e-24 1.36134e-22
1.56006e-01 -2.12364e-23 9.18957e-23
1.56250e-01 -1.22932e-23 -2.78682e-23
1.56494e-01 2.49407e-23 -1.40757e-22
1.56738e-01 1.68201e-23 -1.23702e-22
1.56982e-01 2.17245e-23 -8.42368e-23
1.57227e-01 -2.03722e-23 -6.33366e-23
1.57471e-01 -4.90209e-23 -2.47027e-23
1.57715e-01 -2.73897e-23 6.06972e-23
1.57959e-01 -1.66272e-24 6.91412e-23
1.58203e-01 2.63973e-23 8.58333e-23
1.58447e-01 4.54477e-23 8.80336e-23
1.58691e-01 6.09948e-23 5.44305e-23
1.58936e-01 9.76366e-23 -5.78448e-24
1.59180e-01 3.87865e-23 -2.32077e-23
1.59424e-01 -1.86395e-23 -5.20627e-23
1.59668e-01 -1.28591e-23 -6.75164e-23
1.59912e-01 -2.00445e-23 -5.74599e-23
1.60156e-01 -4.29972e-23 -3.28956e-23
1.60400e-01 -2.99683e-23 -1.54369e-23
1.60645e-01 1.13552e-23 2.00234e-23
1.60889e-01 4.25382e-23 1.10928e-23
1.61133e-01 1.74023e-23 1.96443e-23
1.61377e-01 2.77633e-23 -5.56911e-24
1.61621e-01 3.71573e-24 -3.67583e-23
1.61865e-01 7.54836e-24 -2.78665e-24
1.62109e-01 -6.93614e-23 -5.02401e-24
1.62354e-01 -1.15315e-22 -3.05569e-23
1.62598e-01 -1.02698e-22 -2.78803e-23
1.62842e-01 2.16984e-24 1.32643e-24
1.63086e-01 3.04134e-23 6.16057e-23
1.63330e-01 1.39299e-23 4.83525e-23
1.63574e-01 2.61240e-23 3.85129e-23
1.63818e-01 3.31751e-23 3.83021e-23
1.64062e-01 3.26449e-23 -3.91415e-23
1.64307e-01 2.70064e-23 -6.01128e-23
1.64551e-01 -5.17573e-24 -2.23540e-23
1.64795e-01 -1.90286e-23 -1.89199e-23
1.65039e-01 5.41436e-24 1.18273e-23
1.65283e-01 -1.06179e-23 2.60600e-23
1.65527e-01 -9.24578e-24 4.10390e-23
1.65771e-01 1.13816e-23 5.87740e-23
1.66016e-01 1.20714e-23 1.63990e-23
1.66260e-01 8.36732e-24 -5.98662e-24
1.66504e-01 -4.15369e-23 -3.20699e-23
1.66748e-01 -3.59148e-23 -1.87828e-24
1.66992e-01 -1.38664e-23 -2.05951e-23
1.67236e-01 4.17824e-23 6.62442e-24
1.67480e-01 5.97094e-23 -2.68189e-24
1.67725e-01 3.98802e-23 -2.99895e-23
1.67969e-01 4.52525e-23 -5.78360e-23
1.68213e-01 1.22421e-23 -1.08749e-22
1.68457e-01 -7.28683e-24 -6.48450e-23
1.68701e-01 -2.60499e-23 3.58751e-24
1.68945e-01 -2.52016e-23 3.42753e-23
1.69189e-01 1.17878e-23 3.92112e-23
1.69434e-01 1.27048e-23 3.43677e-23
1.69678e-01 6.63770e-24 4.34856e-23
1.69922e-01 -2.02833e-23 4.13795e-23
1.70166e-01 -1.23184e-23 -1.15789e-23
1.70410e-01 -4.39481e-23 -4.16774e-23
1.70654e-01 -1.35142e-23 -6.38462e-23
1.70898e-01 4.93361e-24 -5.41043e-23
1.71143e-01 4.28983e-25 -6.70227e-24
1.71387e-01 -4.78345e-24 3.81780e-23
1.71631e-01 4.85309e-24 8.72984e-23
1.71875e-01 -1.22812e-23 7.55040e-23
1.72119e-01 -3.78236e-23 6.45624e-23
1.72363e-01 -1.71428e-23 3.00306e-23
1.72607e-01 1.76510e-23 -3.85134e-23
1.72852e-01 1.12235e-23 -6.21204e-23
1.73096e-01 3.09877e-23 -5.24263e-23
1.73340e-01 1.97451e-23 -1.45744e-23
1.73584e-01 2.92137e-23 5.16567e-24
1.73828e-01 3.64082e-23 2.52143e-23
1.74072e-01 -2.57110e-23 1.06541e-23
1.74316e-01 -5.10499e-23 1.71348e-24
1.74561e-01 -4.96528e-23 -3.76148e-23
1.74805e-01 -2.43070e-23 -7.61516e-23
1.75049e-01 -2.90807e-23 -7.66546e-23
1.75293e-01 6.06600e-23 -1.87195e-23
1.75537e-01 7.56220e-23 1.26721e-23
1.75781e-01 5.83917e-23 5.38407e-23
1.76025e-01 4.36099e-23 7.36568e-23
1.76270e-01 2.34947e-23 8.65260e-23
1.76514e-01 -5.04593e-23 5.17975e-23
1.76758e-01 -8.51781e-23 -2.76902e-23
1.77002e-01 -3.59373e-23 -8.65518e-23
1.77246e-01 3.37947e-23 -9.11778e-23
1.77490e-01 5.21790e-23 -3.91420e-23
1.77734e-01 4.25972e-23 1.55609e-23
1.77979e-01 4.96419e-23 8.99618e-24
1.78223e-01 -1.61131e-23 -1.38480e-23
1.78467e-01 -6.72803e-23 6.29437e-23
1.78711e-01 -7.08827e-23 5.58831e-23
1.78955e-01 -3.25607e-23 1.94863e-23
1.79199e-01 -1.61908e-24 -3.54778e-24
1.79443e-01 2.92699e-24 4.35914e-25
1.79688e-01 2.43758e-23 -2.45352e-23
1.79932e-01 5.11788e-23 -2.27749e-23
1.80176e-01 5.31759e-23 -1.94799e-23
1.80420e-01 3.23714e-24 -3.23697e-24
1.80664e-01 4.81778e-24 3.87638e-23
1.80908e-01 -1.73054e-23 8.47841e-24
1.81152e-01 -5.45965e-23 1.81245e-23
1.81396e-01 -1.69903e-23 1.53145e-23
1.81641e-01 1.40361e-23 -3.16392e-23
1.81885e-01 5.13062e-24 2.13744e-23
1.82129e-01 -1.90632e-23 5.58172e-23
1.82373e-01 -1.96558e-23 2.79539e-23
1.82617e-01 -6.54289e-24 2.81934e-23
1.82861e-01 3.23800e-23 -3.17885e-23
1.83105e-01 2.43626e-23 -6.45975e-23
1.83350e-01 -2.06176e-23 -3.34525e-23
1.83594e-01 -3.91427e-23 -1.44800e-23
1.83838e-01 -2.38058e-23 -1.44359e-23
1.84082e-01 -7.41013e-24 2.75021e-23
1.84326e-01 8.80287e-24 9.24154e-23
1.84570e-01 4.94683e-23 7.35407e-23
1.84814e-01 4.38649e-23 -4.99683e-24
1.85059e-01 4.80046e-23 -6.69680e-23
1.85303e-01 4.06961e-23 -6.62832e-23
1.85547e-01 -7.99660e-24 -1.93304e-23
1.85791e-01 -6.80772e-24 -8.17046e-24
1.86035e-01 2.47299e-23 -3.61150e-23
1.86279e-01 1.53669e-23 -2.86647e-25
1.86523e-01 1.76152e-23 -1.58853e-23
1.86768e-01 -2.67050e-23 -6.55716e-24
1.87012e-01 -5.88614e-23 -1.47967e-24
1.87256e-01 -6.03020e-23 -1.57884e-23
1.87500e-01 -2.55687e-23 -3.57805e-23
1.87744e-01 -6.69773e-24 2.97461e-25
1.87988e-01 5.15883e-23 2.02649e-23
1.88232e-01 7.56980e-23 -8.07992e-25
1.88477e-01 4.00164e-23 4.28210e-23
1.88721e-01 -2.11709e-23 7.25423e-23
1.88965e-01 -3.06376e-23 3.57011e-23
1.89209e-01 9.92157e-24 -6.48716e-24
1.89453e-01 -9.88551e-24 -4.61174e-23
1.89697e-01 -1.86018e-23 -8.66718e-23
1.89941e-01 -8.99387e-24 -5.64668e-23
1.90186e-01 -3.81005e-23 -1.31822e-23
1.90430e-01 -2.90770e-23 1.72827e-23
1.90674e-01 1.42970e-23 5.50458e-23
1.90918e-01 4.02892e-23 6.72500e-23
1.91162e-01 4.64059e-23 4.02296e-23
1.91406e-01 -1.65037e-23 7.17913e-24
1.91650e-01 -3.92265e-23 1.40124e-23
1.91895e-01 -3.67537e-23 1.62152e-23
1.92139e-01 -5.94110e-23 -3.80178e-23
1.92383e-01 -2.84091e-23 -4.91234e-23
1.92627e-01 5.70089e-23 -2.12952e-23
1.92871e-01 9.71717e-23 2.99118e-23
1.93115e-01 9.45159e-23 2.87020e-23
1.93359e-01 -3.18339e-23 9.16419e-24
1.93604e-01 -5.28897e-23 3.78907e-23
1.93848e-01 -4.85414e-23 3.43877e-23
1.94092e-01 9.47265e-24 -2.40171e-23
1.94336e-01 2.80125e-23 -7.80559e-23
1.94580e-01 4.88459e-23 -7.97077e-23
1.94824e-01 3.99668e-23 -6.97165e-23
1.95068e-01 -1.06667e-23 -3.83056e-23
1.95312e-01 -8.13519e-23 5.57256e-23
1.95557e-01 -7.94538e-23 1.43733e-22
1.95801e-01 5.50119e-24 1.02430e-22
1.96045e-01 1.64688e-23 -1.52782e-23
1.96289e-01 2.48115e-23 -6.84702e-23
1.96533e-01 -4.08704e-23 -5.52998e-23
1.96777e-01 -6.26659e-23 -4.03626e-24
1.97021e-01 -5.04121e-23 -6.86717e-24
1.97266e-01 4.89944e-23 -1.62293e-23
1.97510e-01 8.78668e-23 5.12328e-23
1.97754e-01 1.03714e-22 9.84402e-23
1.97998e-01 7.69677e-23 3.50317e-23
1.98242e-01 -2.18024e-23 -4.08091e-23
1.98486e-01 -1.19415e-22 -3.20577e-23
1.98730e-01 -1.13696e-22 -1.84559e-23
1.98975e-01 -2.05565e-23 -4.40267e-24
1.99219e-01 5.79648e-23 7.37079e-24
1.99463e-01 1.24913e-22 -6.95936e-24
1.99707e-01 7.45880e-23 -2.56263e-23
1.99951e-01 -3.00112e-23 5.03032e-24
2.00195e-01 -5.37804e-23 2.13378e-23
2.00439e-01 -4.69555e-23 1.79039e-23
2.00684e-01 -3.58835e-23 -1.19361e-23
2.00928e-01 3.43161e-23 -8.04704e-24
2.01172e-01 5.83368e-23 1.94427e-23
2.01416e-01 2.10531e-23 3.47460e-23
2.01660e-01 1.95242e-23 2.33022e-23
2.01904e-01 3.62130e-23 -3.07418e-24
2.02148e-01 1.18509e-23 -1.27649e-23
2.02393e-01 -9.82316e-24 -4.19398e-23
2.02637e-01 1.21038e-24 -3.04036e-23
2.02881e-01 5.62975e-24 4.90006e-25
2.03125e-01 -1.77212e-23 -4.98970e-23
2.03369e-01 -3.28677e-23 -8.04263e-23
2.03613e-01 -8.87332e-25 -3.07639e-23
2.03857e-01 -6.82195e-25 8.07234e-23
2.04102e-01 -2.41056e-23 2.08571e-23
2.04346e-01 -1.50592e-23 1.17656e-23
2.04590e-01 1.36627e-23 2.84800e-23
2.04834e-01 -1.85048e-24 -9.57344e-24
2.05078e-01 -5.02744e-23 -7.39547e-23
2.05322e-01 -2.53380e-23 -8.07725e-23
2.05566e-01 -3.34594e-24 4.18960e-23
2.05811e-01 2.09512e-23 1.10432e-22
2.06055e-01 4.55382e-23 1.15109e-22
2.06299e-01 9.17524e-23 2.23366e-23
2.06543e-01 7.36661e-23 -3.66168e-23
2.06787e-01 -1.85062e-24 -4.68579e-23
2.07031e-01 -4.83863e-23 -5.01335e-24
2.07275e-01 -1.04414e-22 1.17484e-23
2.07520e-01 -1.20474e-22 2.77687e-23
2.07764e-01 -1.81380e-23 2.08049e-23
2.08008e-01 6.45697e-23 -2.48720e-24
2.08252e-01 8.28443e-23 -6.87745e-23
2.08496e-01 4.01377e-23 -5.04032e-23
2.08740e-01 7.14167e-24 2.31227e-23
2.08984e-01 1.00725e-23 7.30639e-23
2.09229e-01 -2.27306e-23 7.14674e-23
2.09473e-01 -4.81559e-23 1.40164e-23
2.09717e-01 -4.10940e-23 -4.42875e-23
2.09961e-01 6.24228e-24 -6.96582e-23
2.10205e-01 4.18038e-23 -6.38375e-23
2.10449e-01 -5.93958e-24 -5.18006e-24
2.10693e-01 -5.39459e-24 2.85354e-23
2.10938e-01 2.86864e-23 5.34028e-23
2.11182e-01 7.80859e-23 3.43304e-23
2.11426e-01 4.48252e-23 9.73618e-24
2.11670e-01 -1.52463e-23 -3.39299e-23
2.11914e-01 -6.84927e-23 -5.98230e-23
2.12158e-01 -5.60557e-23 -6.92556e-23
2.12402e-01 -3.64825e-23 2.18403e-23
2.12646e-01 -8.47066e-24 5.64477e-23
2.12891e-01 8.54672e-23 4.93471e-23
2.13135e-01 6.50405e-23 8.67056e-24
2.13379e-01 1.57850e-24 -4.52417e-23
2.13623e-01 -5.71367e-23 -1.49894e-23
2.13867e-01 -7.81165e-23 2.33602e-23
2.14111e-01 -6.03173e-23 1.04897e-22
2.14355e-01 1.22277e-23 1.09878e-23
2.14600e-01 5.20452e-23 -7.03620e-23
2.14844e-01 4.91101e-23 -4.73353e-23
2.15088e-01 2.03488e-23 -2.66649e-23
2.15332e-01 -6.62661e-24 4.37617e-24
2.15576e-01 -6.58500e-23 6.96492e-23
2.15820e-01 -4.40578e-23 6.35703e-23
2.16064e-01 2.30274e-23 -5.31322e-24
2.16309e-01 3.41298e-23 -2.46259e-23
2.16553e-01 5.36275e-24 -4.85646e-23
2.16797e-01 -1.36895e-23 -6.87425e-23
2.17041e-01 -4.44844e-23 -2.56142e-23
2.17285e-01 -1.54955e-23 1.22407e-23
2.17529e-01 9.19655e-24 3.82335e-23
2.17773e-01 3.45392e-23 6.91176e-23
2.18018e-01 9.48549e-23 4.66681e-23
2.18262e-01 8.08173e-23 -2.74537e-24
2.18506e-01 -4.61592e-23 -3.96655e-23
2.18750e-01 -1.11892e-22 6.15767e-24
2.18994e-01 -6.60750e-23 3.61692e-24
2.19238e-01 -2.28889e-23 -2.04559e-23
2.19482e-01 4.50887e-23 -1.27139e-23
2.19727e-01 1.09377e-22 5.51970e-24
2.19971e-01 8.93711e-23 2.75882e-23
2.20215e-01 5.40929e-24 3.30480e-23
2.20459e-01 -9.09060e-23 2.47152e-23
2.20703e-01 -8.45995e-23 -4.96869e-24
2.20947e-01 -4.05175e-23 -6.21090e-23
2.21191e-01 4.62950e-23 -8.50140e-23
2.21436e-01 8.84088e-23 -7.89710e-23
2.21680e-01 6.98904e-23 -4.04678e-23
2.21924e-01 -4.83280e-23 2.67668e-23
2.22168e-01 -1.40097e-22 8.52203e-23
2.22412e-01 -1.01103e-22 8.78079e-23
2.22656e-01 3.59324e-23 3.48163e-23
2.22900e-01 1.34030e-22 -5.98384e-23
2.23145e-01 8.12839e-23 -1.01181e-22
2.23389e-01 -6.21121e-24 -3.66653e-23
2.23633e-01 -8.36292e-23 -6.64479e-24
2.23877e-01 -1.16293e-22 1.20521e-23
2.24121e-01 -5.00775e-23 3.81293e-23
2.24365e-01 7.38110e-23 6.05024e-23
2.24609e-01 1.51604e-22 -4.11509e-24
2.24854e-01 8.91089e-23 7.39236e-24
2.25098e-01 3.43211e-23 2.97428e-23
2.25342e-01 -4.30364e-23 1.49566e-23
2.25586e-01 -1.34015e-22 -5.78743e-24
2.25830e-01 -1.10022e-22 2.91295e-24
2.26074e-01 -1.41394e-23 1.25031e-24
2.26318e-01 8.25026e-23 -3.83282e-23
2.26562e-01 8.33258e-23 -1.84707e-23
2.26807e-01 -2.17485e-23 2.10818e-23
2.27051e-01 -4.76215e-23 2.87149e-23
2.27295e-01 -5.23622e-23 4.09752e-23
2.27539e-01 -1.40829e-23 2.83269e-23
2.27783e-01 4.73662e-23 -3.32325e-23
2.28027e-01 8.56176e-23 -7.35733e-23
2.28271e-01 4.62336e-23 -4.94327e-23
2.28516e-01 -2.37809e-23 -1.94287e-24
2.28760e-01 -4.43584e-23 3.93199e-23
2.29004e-01 -3.25577e-23 4.64337e-23
2.29248e-01 -2.38033e-23 -7.77924e-24
2.29492e-01 2.28729e-23 -8.46148e-23
2.29736e-01 7.01615e-23 -9.96343e-23
2.29980e-01 3.79018e-23 -4.23396e-23
2.30225e-01 -2.65846e-23 3.83275e-23
2.30469e-01 -6.42280e-23 8.35665e-23
2.30713e-01 -6.92119e-23 3.42584e-23
2.30957e-01 -4.57720e-23 -2.54138e-23
2.31201e-01 1.54531e-23 -4.24673e-23
2.31445e-01 5.69108e-23 -3.56758e-23
2.31689e-01 5.33887e-23 -1.12278e-23
2.31934e-01 2.97022e-24 7.04955e-23
2.32178e-01 -4.43786e-23 8.46833e-23
2.32422e-01 -4.94828e-23 7.41030e-23
2.32666e-01 -3.80830e-23 -5.96618e-24
2.32910e-01 8.39667e-24 -7.13685e-23
2.33154e-01 7.31654e-23 -6.54159e-23
2.33398e-01 9.13734e-23 3.61887e-24
2.33643e-01 3.91657e-23 2.65562e-23
2.33887e-01 -5.39145e-23 2.19076e-23
2.34131e-01 -8.70485e-23 3.49840e-23
2.34375e-01 -6.30845e-23 2.74769e-23
2.34619e-01 3.45824e-23 -4.82431e-23
2.34863e-01 8.33480e-23 -3.79661e-23
2.35107e-01 9.00974e-23 2.45196e-23
2.35352e-01 2.19496e-23 1.48530e-23
2.35596e-01 -4.70082e-23 5.44464e-23
2.35840e-01 -1.14068e-22 1.52095e-23
2.36084e-01 -9.28898e-23 -5.85154e-23
2.36328e-01 -9.19559e-24 -6.87749e-23
2.36572e-01 1.14175e-22 -2.52693e-23
2.36816e-01 1.13657e-22 1.73989e-23
2.37061e-01 4.98828e-23 3.74110e-23
2.37305e-01 -4.44503e-23 6.71138e-23
2.37549e-01 -1.46037e-22 5.04346e-23
2.37793e-01 -1.13512e-22 -5.26652e-23
2.38037e-01 2.06651e-23 -1.21862e-22
2.38281e-01 9.21091e-23 -1.04424e-22
2.38525e-01 1.23979e-22 -3.00269e-23
2.38770e-01 6.89078e-23 2.28191e-23
2.39014e-01 -5.57199e-23 1.02485e-22
2.39258e-01 -1.15998e-22 1.12707e-22
2.39502e-01 -6.61150e-23 -2.63041e-23
2.39746e-01 5.34432e-24 -1.07666e-22
2.39990e-01 4.01652e-23 -6.43124e-23
2.40234e-01 1.03920e-23 -1.06244e-23
2.40479e-01 3.99170e-23 4.48621e-23
2.40723e-01 -2.53585e-23 5.06055e-23
2.40967e-01 -5.57794e-23 5.89935e-23
2.41211e-01 -3.44676e-23 5.14602e-23
2.41455e-01 1.26676e-23 1.43181e-23
2.41699e-01 4.78285e-24 -4.78002e-23
2.41943e-01 2.83658e-23 -5.61081e-23
2.42188e-01 6.61259e-23 -3.77724e-23
2.42432e-01 3.86135e-23 9.47325e-25
2.42676e-01 1.44599e-24 6.95475e-23
2.42920e-01 -6.79127e-23 9.44588e-23
2.43164e-01 -2.92307e-23 2.83294e-24
2.43408e-01 2.11229e-23 1.21575e-23
2.43652e-01 5.24537e-23 -2.18855e-23
2.43896e-01 4.67288e-23 -5.20614e-23
2.44141e-01 -2.57765e-23 -3.01554e-23
2.44385e-01 -7.30152e-23 -1.65215e-24
2.44629e-01 -8.12780e-23 2.06681e-23
2.44873e-01 -1.19611e-23 -6.68697e-24
2.45117e-01 5.45564e-23 -1.83942e-23
2.45361e-01 9.12229e-23 2.33614e-23
2.45605e-01 5.04018e-23 2.35474e-23
2.45850e-01 -5.20073e-23 -3.19281e-23
2.46094e-01 -8.95007e-23 -6.56130e-23
2.46338e-01 -2.59687e-23 -3.30864e-23
2.46582e-01 4.42418e-23 4.54564e-23
2.46826e-01 6.91676e-23 4.42198e-23
2.47070e-01 6.39898e-23 -1.78882e-23
2.47314e-01 2.61737e-24 -2.32376e-23
2.47559e-01 -8.09590e-23 -1.29298e-23
2.47803e-01 -9.30715e-23 5.88767e-24
2.48047e-01 -4.55363e-23 -7.68308e-24
2.48291e-01 1.61685e-23 -6.07577e-24
2.48535e-01 7.52130e-23 -8.60570e-24
2.48779e-01 3.50081e-23 -1.97684e-23
2.49023e-01 -2.48856e-24 -1.68254e-23
2.49268e-01 -6.93752e-23 2.40258e-23
2.49512e-01 -8.28216e-23 -2.02042e-23
2.49756e-01 8.32702e-24 -9.13861e-24
2.50000e-01 8.07002e-23 6.96590e-23
2.50244e-01 5.88820e-23 1.17997e-22
2.50488e-01 2.40023e-23 2.94955e-23
2.50732e-01 -3.65977e-23 -5.94305e-23
2.50977e-01 -3.39904e-23 -9.87046e-23
2.51221e-01 -4.21192e-23 -9.44331e-23
2.51465e-01 -3.44340e-23 3.20934e-23
2.51709e-01 7.61728e-23 1.31348e-22
2.51953e-01 1.07501e-22 7.66628e-23
2.52197e-01 6.06147e-23 -6.04071e-23
2.52441e-01 -4.90109e-23 -8.37699e-23
2.52686e-01 -1.27331e-22 -3.83280e-23
2.52930e-01 -1.09405e-22 1.21992e-23
2.53174e-01 -3.43440e-23 4.94024e-23
2.53418e-01 1.00549e-22 1.10003e-22
2.53662e-01 1.70421e-22 6.94571e-23
2.53906e-01 5.51284e-23 -8.31466e-23
2.54150e-01 -6.09916e-23 -1.00668e-22
2.54395e-01 -9.48905e-23 -1.19834e-23
2.54639e-01 -7.90449e-23 1.90303e-23
2.54883e-01 -1.34626e-24 9.32259e-23
2.55127e-01 9.76976e-23 6.67622e-23
2.55371e-01 7.33589e-23 -1.02752e-22
2.55615e-01 2.76139e-23 -1.56410e-22
2.55859e-01 -6.85344e-23 -9.86466e-23
2.56104e-01 -9.73556e-23 -1.88657e-23
2.56348e-01 -4.95550e-23 7.44212e-23
2.56592e-01 5.97752e-23 1.39555e-22
2.56836e-01 6.94799e-23 6.54785e-23
2.57080e-01 4.61880e-23 -2.22918e-23
2.57324e-01 -3.46466e-23 -1.19458e-22
2.57568e-01 -1.10158e-22 -9.52595e-23
2.57812e-01 -8.02962e-23 3.21253e-24
2.58057e-01 -3.43822e-23 6.48724e-23
2.58301e-01 5.91672e-23 6.66958e-23
2.58545e-01 1.56934e-22 6.78961e-23
2.58789e-01 9.42157e-23 8.80834e-24
2.59033e-01 -3.02005e-23 -7.20767e-23
2.59277e-01 -1.37492e-22 -6.15080e-23
2.59521e-01 -1.32435e-22 6.35277e-24
2.59766e-01 4.99297e-26 9.39852e-23
2.60010e-01 1.24562e-22 1.13922e-22
2.60254e-01 1.44433e-22 -4.96034e-23
2.60498e-01 5.34627e-23 -9.87098e-23
2.60742e-01 -1.20199e-22 1.59156e-23
2.60986e-01 -1.84883e-22 5.23129e-23
2.61230e-01 -1.62692e-23 4.05570e-23
2.61475e-01 1.54743e-22 5.82229e-23
2.61719e-01 1.07473e-22 1.05962e-23
2.61963e-01 -4.07366e-23 -8.48862e-23
2.62207e-01 -1.00400e-22 -9.33836e-23
2.62451e-01 -9.83770e-23 -2.75435e-23
2.62695e-01 -3.64656e-23 5.82839e-23
2.62939e-01 8.56418e-23 7.18418e-23
2.63184e-01 1.44261e-22 4.34436e-23
2.63428e-01 5.26939e-23 -1.70014e-23
2.63672e-01 -9.34483e-23 -9.62658e-23
2.63916e-01 -1.24160e-22 -6.16749e-23
2.64160e-01 -5.68615e-23 -6.44075e-24
2.64404e-01 4.80907e-23 4.05264e-23
2.64648e-01 1.43335e-22 1.55741e-23
2.64893e-01 1.44825e-22 2.03840e-23
2.65137e-01 2.99464e-23 -2.48427e-23
2.65381e-01 -1.31417e-22 -6.48576e-23
2.65625e-01 -1.81841e-22 -4.98487e-23
2.65869e-01 3.80305e-24 1.72891e-23
2.66113e-01 1.94583e-22 6.18271e-23
2.66357e-01 1.83883e-22 -1.63818e-23
2.66602e-01 -4.62312e-23 -3.12699e-23
2.66846e-01 -1.72840e-22 -8.01325e-24
2.67090e-01 -1.73296e-22 3.85406e-23
2.67334e-01 -1.05116e-22 8.81319e-23
2.67578e-01 8.22666e-23 7.20576e-23
2.67822e-01 2.19881e-22 -2.75559e-23
2.68066e-01 9.77045e-23 -7.10590e-23
2.68311e-01 -5.19952e-23 -1.83193e-23
2.68555e-01 -9.05638e-23 3.49417e-24
2.68799e-01 -9.40246e-23 3.13508e-24
2.69043e-01 -4.47211e-23 6.09057e-23
2.69287e-01 5.98147e-23 3.71390e-23
2.69531e-01 6.74212e-23 -4.53871e-23
2.69775e-01 5.71983e-23 -8.51469e-23
2.70020e-01 8.22917e-24 -8.40253e-24
2.70264e-01 -9.42808e-23 8.81599e-23
2.70508e-01 -1.39169e-22 8.47842e-23
2.70752e-01 -4.10241e-23 1.70646e-23
2.70996e-01 9.11321e-23 -3.27331e-23
2.71240e-01 1.47608e-22 -3.41518e-23
2.71484e-01 4.17723e-23 -5.22341e-23
2.71729e-01 -8.79768e-23 2.52456e-23
2.71973e-01 -9.05017e-23 6.12181e-23
2.72217e-01 -3.66150e-23 6.87840e-25
2.72461e-01 3.62947e-24 -2.36187e-23
2.72705e-01 1.00829e-22 2.00973e-24
2.72949e-01 9.42606e-23 -7.64580e-23
2.73193e-01 -6.06164e-24 -6.12447e-23
2.73438e-01 -7.87419e-23 4.55816e-23
2.73682e-01 -8.77472e-23 4.99222e-23
2.73926e-01 -3.90944e-23 1.39720e-23
2.74170e-01 2.67521e-24 1.12899e-23
2.74414e-01 9.86640e-23 -6.77718e-23
2.74658e-01 8.41149e-23 -1.51685e-22
2.74902e-01 -4.79574e-23 -8.22361e-24
2.75146e-01 -1.17356e-22 1.08428e-22
2.75391e-01 -1.06190e-22 1.35983e-22
2.75635e-01 4.09582e-23 7.25976e-23
2.75879e-01 1.07121e-22 -5.63024e-23
2.76123e-01 5.97185e-23 -1.64336e-22
2.76367e-01 -5.57607e-23 -1.37601e-22
2.76611e-01 -1.11766e-22 3.15411e-23
2.76855e-01 -1.97931e-23 1.62630e-22
2.77100e-01 3.65218e-23 1.91472e-22
2.77344e-01 8.39376e-23 1.17967e-23
2.77588e-01 6.30483e-23 -1.66423e-22
2.77832e-01 -2.71855e-23 -1.51514e-22
2.78076e-01 -7.59097e-23 7.98579e-24
2.78320e-01 -2.41528e-23 1.49909e-22
2.78564e-01 6.96863e-24 1.34317e-22
2.78809e-01 1.51353e-23 5.42479e-23
2.79053e-01 3.02879e-23 -7.77501e-23
2.79297e-01 -2.52356e-23 -1.37008e-22
2.79541e-01 -6.12638e-23 -3.95848e-23
2.79785e-01 -1.32137e-23 9.99498e-23
2.80029e-01 5.28796e-23 7.32227e-23
2.80273e-01 5.95189e-23 6.63505e-23
2.80518e-01 4.21045e-23 5.23022e-23
2.80762e-01 1.54457e-23 -6.80784e-23
2.81006e-01 -6.66059e-23 -1.44291e-22
2.81250e-01 -1.30857e-23 -5.51533e-23
2.81494e-01 6.37363e-23 3.79141e-23
2.81738e-01 5.76072e-23 6.13446e-23
2.81982e-01 -1.76732e-23 2.92369e-23
2.82227e-01 -9.50849e-23 -2.51568e-23
2.82471e-01 -1.02038e-22 -7.37982e-23
2.82715e-01 -4.73707e-23 -1.14367e-22
2.82959e-01 -1.09590e-23 -1.06057e-23
2.83203e-01 9.93150e-23 8.59532e-23
2.83447e-01 1.36608e-22 1.07827e-22
2.83691e-01 -4.38821e-23 2.49498e-23
2.83936e-01 -1.23272e-22 -8.51501e-23
2.84180e-01 -1.09228e-22 -1.11800e-22
2.84424e-01 -3.47733e-23 -4.33709e-23
2.84668e-01 6.91783e-23 6.29352e-23
2.84912e-01 1.31303e-22 8.69518e-23
2.85156e-01 1.14367e-22 1.00533e-22
2.85400e-01 -8.45423e-24 4.59647e-23
2.85645e-01 -1.06769e-22 -9.72192e-23
2.85889e-01 -9.30985e-23 -7.33451e-23
2.86133e-01 -3.21976e-23 4.91338e-23
2.86377e-01 1.03403e-22 1.01723e-22
2.86621e-01 1.13166e-22 6.88280e-23
2.86865e-01 1.05750e-23 -5.27175e-23
2.87109e-01 -6.19500e-23 -5.06465e-23
2.87354e-01 -5.96710e-23 -1.58106e-23
2.87598e-01 -5.24291e-23 1.38772e-23
2.87842e-01 4.06767e-23 5.76583e-23
2.88086e-01 9.74258e-23 3.53721e-23
2.88330e-01 5.30358e-23 -1.35893e-23
2.88574e-01 -2.90529e-23 -5.72224e-23
2.88818e-01 -6.94867e-23 -9.28623e-23
2.89062e-01 -6.58418e-23 -1.20930e-24
2.89307e-01 4.59345e-23 9.59319e-23
2.89551e-01 1.07689e-22 5.26029e-23
2.89795e-01 7.37046e-23 -1.03227e-22
2.90039e-01 -9.59469e-24 -5.59945e-23
2.90283e-01 -7.61123e-23 -3.48512e-23
2.90527e-01 -1.04822e-22 -3.70449e-23
2.90771e-01 -5.38587e-23 3.67244e-23
2.91016e-01 7.09499e-23 3.91576e-23
2.91260e-01 5.11177e-23 -5.47731e-23
2.91504e-01 -6.99900e-23 -1.87979e-23
2.91748e-01 -4.60284e-23 1.50645e-23
2.91992e-01 2.01292e-23 -1.71032e-23
2.92236e-01 -2.36193e-23 -9.15878e-24
2.92480e-01 4.43826e-24 1.91314e-23
2.92725e-01 1.69310e-23 3.03683e-23
2.92969e-01 -3.17614e-24 4.69147e-23
2.93213e-01 4.24066e-25 2.79552e-23
2.93457e-01 2.38025e-23 2.90397e-23
2.93701e-01 9.53274e-24 6.60896e-23
2.93945e-01 -3.84854e-23 -2.67843e-23
2.94189e-01 3.46171e-23 -1.18611e-22
2.94434e-01 5.93706e-23 -3.30014e-23
2.94678e-01 2.32712e-23 1.04239e-22
2.94922e-01 2.35852e-23 1.05458e-22
2.95166e-01 1.74240e-23 9.24951e-24
2.95410e-01 -2.40378e-23 -2.65832e-23
2.95654e-01 -6.51570e-23 -2.83239e-23
2.95898e-01 -2.60045e-23 7.72707e-24
2.96143e-01 2.97200e-23 -2.99598e-23
2.96387e-01 5.10554e-23 1.74237e-23
2.96631e-01 1.18999e-22 1.90896e-23
2.96875e-01 3.56961e-23 2.14794e-23
2.97119e-01 -9.91719e-23 -2.31381e-24
2.97363e-01 -9.19140e-23 -5.78603e-23
2.97607e-01 2.34435e-23 -9.65410e-23
2.97852e-01 3.78135e-23 1.43494e-23
2.98096e-01 4.93748e-23 2.35945e-23
2.98340e-01 6.72551e-23 6.20957e-23
2.98584e-01 -1.07771e-22 2.11536e-24
2.98828e-01 -1.51849e-22 -1.06013e-22
2.99072e-01 -2.71372e-23 -7.72083e-23
2.99316e-01 6.16329e-23 3.65768e-24
2.99561e-01 1.55433e-22 -2.90473e-23
2.99805e-01 4.59949e-23 3.06494e-23
3.00049e-01 -9.38305e-23 1.37787e-22
3.00293e-01 -1.11373e-22 3.58174e-23
3.00537e-01 -1.63074e-22 -3.21070e-23
3.00781e-01 3.34755e-23 1.81870e-23
3.01025e-01 1.37410e-22 6.11298e-23
3.01270e-01 1.08977e-22 -3.65576e-23
3.01514e-01 1.05961e-24 -2.77723e-23
3.01758e-01 -5.87826e-23 4.91056e-23
3.02002e-01 -4.65385e-23 7.38823e-23
3.02246e-01 2.08346e-23 2.90608e-23
3.02490e-01 7.78089e-23 -5.30379e-23
3.02734e-01 5.23905e-23 -6.10030e-23
3.02979e-01 -1.79195e-23 5.25161e-23
3.03223e-01 -1.07055e-22 9.63892e-23
3.03467e-01 -5.20151e-23 7.68420e-23
3.03711e-01 4.71493e-23 -6.06406e-23
3.03955e-01 1.26664e-22 -1.44773e-22
3.04199e-01 8.09876e-24 -7.76017e-23
3.04443e-01 -9.16772e-23 1.32875e-22
3.04688e-01 8.14741e-24 1.27363e-22
3.04932e-01 -4.60185e-24 -3.37095e-24
3.05176e-01 4.03137e-23 -2.85624e-23
3.05420e-01 6.86874e-23 -1.41379e-22
3.05664e-01 -2.60946e-23 -1.12471e-22
3.05908e-01 -7.01289e-23 1.13379e-23
3.06152e-01 2.88081e-23 1.05632e-22
3.06396e-01 8.46904e-23 2.96800e-23
3.06641e-01 3.51683e-23 -2.67860e-23
3.06885e-01 -1.19315e-23 -1.09270e-22
3.07129e-01 -4.00194e-23 -1.54888e-22
3.07373e-01 -3.71374e-23 -4.29508e-23
3.07617e-01 -1.98907e-23 8.71707e-23
3.07861e-01 -9.88090e-24 1.60035e-22
3.08105e-01 8.71875e-24 7.82988e-23
3.08350e-01 -4.89613e-24 -4.26449e-23
3.08594e-01 1.18530e-23 -9.31781e-23
3.08838e-01 -6.55026e-23 -5.00033e-23
3.09082e-01 -1.17628e-22 6.78504e-23
3.09326e-01 9.74052e-23 9.06428e-23
3.09570e-01 1.51247e-22 8.48683e-23
3.09814e-01 3.34029e-23 4.24636e-23
3.10059e-01 -1.05494e-22 -6.93263e-23
3.10303e-01 -1.00323e-22 -5.90471e-23
3.10547e-01 6.71769e-24 8.28228e-23
3.10791e-01 1.15937e-22 1.33139e-22
3.11035e-01 8.87801e-23 -3.91086e-24
3.11279e-01 -5.09876e-23 -6.93883e-23
3.11523e-01 -9.47349e-23 -7.39703e-23
3.11768e-01 -6.06234e-23 -7.33344e-23
3.12012e-01 4.53743e-23 1.05736e-22
3.12256e-01 7.84353e-23 1.54842e-22
3.12500e-01 9.57054e-23 -3.46568e-23
3.12744e-01 3.75357e-24 -1.22872e-22
3.12988e-01 -1.10858e-22 -1.30529e-22
3.13232e-01 -7.55838e-23 -9.55243e-24
3.13477e-01 1.59317e-23 1.07881e-22
3.13721e-01 1.09675e-22 5.03452e-23
3.13965e-01 1.35633e-22 -8.38196e-23
3.14209e-01 -1.57088e-23 -8.73475e-23
3.14453e-01 -1.49495e-22 -1.83565e-23
3.14697e-01 -8.57505e-23 4.98223e-23
3.14941e-01 4.10244e-23 1.37196e-23
3.15186e-01 9.20609e-23 -1.65166e-23
3.15430e-01 1.10103e-22 -1.00811e-22
3.15674e-01 -8.08302e-23 -1.72256e-23
3.15918e-01 -2.03522e-22 1.48616e-22
3.16162e-01 -8.70797e-23 1.15214e-22
3.16406e-01 3.52104e-23 -5.57002e-23
3.16650e-01 9.28421e-23 -1.38913e-22
3.16895e-01 7.19074e-23 -1.28812e-22
3.17139e-01 -2.48074e-23 6.86896e-23
3.17383e-01 -1.14743e-22 1.65911e-22
3.17627e-01 -5.14539e-24 1.16873e-22
3.17871e-01 5.87055e-23 -2.03351e-23
3.18115e-01 2.67795e-23 -8.15834e-23
3.18359e-01 2.79260e-23 -1.27442e-22
3.18604e-01 -4.43205e-23 -7.90925e-23
3.18848e-01 -7.62642e-23 6.34147e-23
3.19092e-01 5.61258e-23 2.07854e-22
3.19336e-01 6.62691e-23 6.95837e-23
3.19580e-01 2.15625e-23 -2.35732e-22
3.19824e-01 -1.95209e-23 -2.19905e-22
3.20068e-01 -3.95684e-24 6.60085e-23
3.20312e-01 4.08758e-24 2.31652e-22
3.20557e-01 -5.19884e-23 1.51486e-22
3.20801e-01 5.82648e-23 -7.45519e-23
3.21045e-01 6.13883e-23 -2.11953e-22
3.21289e-01 -7.10079e-23 -8.85058e-23
3.21533e-01 -1.62426e-23 1.21269e-22
3.21777e-01 1.88961e-23 9.82890e-23
3.22021e-01 1.03858e-22 -1.34504e-22
3.22266e-01 5.62260e-24 -1.40268e-22
3.22510e-01 -9.39238e-23 -2.38710e-23
3.22754e-01 -2.51043e-23 6.70707e-23
3.22998e-01 4.39419e-23 1.07144e-22
3.23242e-01 9.90947e-23 2.16876e-23
3.23486e-01 -2.48620e-24 -5.29566e-23
3.23730e-01 -2.12936e-22 -5.58149e-24
3.23975e-01 -1.88753e-22 5.34210e-23
3.24219e-01 7.38610e-23 8.44125e-24
3.24463e-01 2.40978e-22 -5.72451e-23
3.24707e-01 1.12502e-22 -4.58107e-23
3.24951e-01 -7.22547e-23 -9.52819e-23
3.25195e-01 -1.95578e-22 1.41379e-22
3.25439e-01 -3.68920e-23 2.52651e-22
3.25684e-01 1.38513e-22 9.82754e-23
3.25928e-01 1.10682e-22 -1.31207e-22
3.26172e-01 8.97287e-23 -1.72149e-22
3.26416e-01 -6.23597e-23 -7.37995e-23
3.26660e-01 -2.43841e-22 4.68586e-23
3.26904e-01 -1.48717e-22 1.27095e-22
3.27148e-01 1.67874e-22 9.09892e-23
3.27393e-01 1.91272e-22 -4.31824e-23
3.27637e-01 1.36242e-22 -1.12950e-22
3.27881e-01 -2.51568e-23 -7.16514e-23
3.28125e-01 -1.91784e-22 9.07708e-23
3.28369e-01 -4.34171e-23 1.12700e-22
3.28613e-01 2.28509e-23 3.75313e-23
3.28857e-01 4.17672e-23 -5.85108e-23
3.29102e-01 8.49354e-23 -1.04550e-22
3.29346e-01 -9.78395e-23 -1.14027e-22
3.29590e-01 -9.38260e-23 1.81506e-23
3.29834e-01 9.90794e-23 2.50829e-23
3.30078e-01 1.57253e-22 1.81627e-23
3.30322e-01 1.23910e-22 8.36927e-23
3.30566e-01 -9.05356e-23 6.89866e-24
3.30811e-01 -2.82926e-22 -1.69397e-22
3.31055e-01 -1.73736e-22 -1.17388e-22
3.31299e-01 1.55274e-23 6.21419e-23
3.31543e-01 1.06035e-22 1.62926e-22
3.31787e-01 2.30126e-22 5.73731e-23
3.32031e-01 1.07049e-22 -8.15994e-23
3.32275e-01 -1.44791e-22 -8.82514e-23
3.32520e-01 -1.46996e-22 5.41715e-23
3.32764e-01 -4.60146e-23 1.16541e-22
3.33008e-01 6.73685e-23 9.86185e-23
3.33252e-01 8.20213e-23 6.56783e-23
3.33496e-01 -1.30060e-23 -8.03787e-23
3.33740e-01 -7.34244e-23 -1.11556e-22
3.33984e-01 4.67877e-23 3.20593e-23
3.34229e-01 1.84122e-22 1.31144e-22
3.34473e-01 1.01856e-22 9.24194e-23
3.34717e-01 -8.98028e-23 -3.00573e-23
3.34961e-01 -1.42933e-22 -1.95816e-22
3.35205e-01 -8.31424e-23 -1.15461e-22
3.35449e-01 1.22826e-22 5.16271e-23
3.35693e-01 1.80859e-22 6.58141e-23
3.35938e-01 3.29103e-23 4.95266e-23
3.36182e-01 -4.09631e-23 4.66473e-23
3.36426e-01 -1.68797e-22 -2.90476e-23
3.36670e-01 -1.26559e-22 1.24614e-24
3.36914e-01 8.86438e-23 2.17411e-23
3.37158e-01 1.92447e-22 -3.46818e-23
3.37402e-01 6.82102e-23 -5.89422e-23
3.37646e-01 -1.23252e-22 -1.04779e-22
3.37891e-01 -2.04717e-22 -6.58936e-23
3.38135e-01 -7.20154e-23 1.14404e-22
3.38379e-01 1.29255e-22 1.67168e-22
3.38623e-01 1.51463e-22 -2.46963e-23
3.38867e-01 7.60822e-24 -1.90811e-22
3.39111e-01 -1.64609e-22 -1.77489e-22
3.39355e-01 -2.59848e-22 1.90141e-22
3.39600e-01 -8.08342e-23 2.54136e-22
3.39844e-01 1.29469e-22 3.82135e-23
3.40088e-01 1.93556e-22 -8.56426e-23
3.40332e-01 -3.19161e-24 -8.34589e-23
3.40576e-01 -2.09256e-22 -3.02482e-23
3.40820e-01 -1.46119e-22 4.71011e-23
3.41064e-01 2.22099e-22 1.62380e-22
3.41309e-01 3.37077e-22 5.67278e-23
3.41553e-01 7.86418e-23 -2.40260e-22
3.41797e-01 -2.05826e-22 -8.79348e-23
3.42041e-01 -3.01421e-22 1.67828e-22
3.42285e-01 -4.77048e-23 2.50796e-22
3.42529e-01 2.05580e-22 7.14346e-23
3.42773e-01 2.54616e-22 -2.47022e-22
3.43018e-01 5.42339e-23 -3.30223e-22
3.43262e-01 -1.70318e-22 -1.19129e-22
3.43506e-01 -1.60107e-22 2.45544e-22
3.43750e-01 4.90706e-23 3.69351e-22
3.43994e-01 1.86743e-22 6.86674e-23
3.44238e-01 1.46965e-22 -2.28912e-22
3.44482e-01 -7.24144e-24 -1.59578e-22
3.44727e-01 -1.00753e-22 3.91351e-23
3.44971e-01 -1.53289e-22 8.15060e-23
3.45215e-01 3.60835e-23 1.34581e-22
3.45459e-01 1.72441e-22 -2.07041e-23
3.45703e-01 -1.24346e-23 -2.09657e-22
3.45947e-01 -1.28015e-22 -1.45342e-22
3.46191e-01 -4.22463e-23 -4.29268e-23
3.46436e-01 -1.58157e-22 1.23985e-22
3.46680e-01 -1.73849e-23 1.84634e-22
3.46924e-01 9.97767e-23 -2.35522e-23
3.47168e-01 -5.72070e-23 -2.52840e-22
3.47412e-01 -1.39836e-22 -9.02066e-23
3.47656e-01 -8.47238e-23 1.92766e-22
3.47900e-01 -3.10233e-23 2.13511e-22
3.48145e-01 7.12158e-23 1.09379e-22
3.48389e-01 4.11725e-23 -8.63006e-23
3.48633e-01 -1.20812e-22 -1.72473e-22
3.48877e-01 -5.53489e-23 -1.09462e-23
3.49121e-01 1.24449e-22 1.25285e-22
3.49365e-01 1.50737e-22 1.84483e-22
3.49609e-01 7.96524e-23 -6.08322e-23
3.49854e-01 -7.74710e-23 -2.32684e-22
3.50098e-01 -6.67786e-23 -9.14412e-23
3.50342e-01 -8.46071e-23 9.79906e-23
3.50586e-01 1.10990e-22 2.29106e-22
3.50830e-01 2.27476e-22 3.22139e-23
3.51074e-01 9.28428e-23 -2.67574e-22
3.51318e-01 -8.86915e-23 -1.32178e-22
3.51562e-01 -1.36364e-22 1.01725e-22
3.51807e-01 -8.62898e-23 1.29954e-22
3.52051e-01 4.61318e-23 1.57437e-23
3.52295e-01 2.02460e-22 -1.65541e-22
3.52539e-01 1.85740e-22 -1.70135e-22
3.52783e-01 -1.31438e-22 8.87647e-23
3.53027e-01 -2.50626e-22 1.38655e-22
3.53271e-01 -6.51294e-23 -6.89151e-24
3.53516e-01 1.93604e-22 -2.44060e-23
3.53760e-01 2.53813e-22 4.63133e-23
3.54004e-01 2.56721e-23 -1.12907e-22
3.54248e-01 -2.39978e-22 -9.20679e-23
3.54492e-01 -2.71293e-22 -2.79349e-23
3.54736e-01 -1.00347e-22 1.39257e-22
3.54980e-01 9.07309e-23 9.05361e-23
