0.148828125 247.533661740162
0.15859375 262.177779188536
0.168359375 276.821355026171
0.178125 291.464289547272
0.187890625 306.106471335415
0.19765625 320.747776567885
0.207421875 335.388068312587
0.2171875 350.027195817509
0.226953125 364.664993792769
0.23671875 379.301281685218
0.246484375 393.935862945619
0.25625 408.568524288382
0.266015625 423.199034943878
0.27578125 437.827145903315
0.285546875 452.45258915618
0.2953125 467.07507692025
0.305078125 481.694300864173
0.31484375 496.30993132261
0.324609375 510.921616503952
0.334375 525.528981690598
0.344140625 540.131628431802
0.35390625 554.729133729091
0.363671875 569.321049214245
0.3734375 583.906900319847
0.383203125 598.486185442403
0.39296875 613.058375098021
0.402734375 627.62291107067
0.4125 642.179205552991
0.422265625 656.726640279689
0.43203125 671.264565653488
0.441796875 685.792299863646
0.4515625 700.309127997049
0.461328125 714.814301141864
0.47109375 729.307035483765
0.480859375 743.786511394719
0.490625 758.251872514349
0.500390625 772.702224823854
0.51015625 787.136635712508
0.519921875 801.554133036712
0.5296875 815.953704171627
0.539453125 830.334295055369
0.54921875 844.694809225765
0.558984375 859.03410684969
0.56875 873.351003744955
0.578515625 887.644270394779
0.58828125 901.912630954816
0.598046875 916.154762252754
0.6078125 930.369292780482
0.617578125 944.554801678821
0.62734375 958.709817714827
0.637109375 972.832818251658
0.646875 986.922228211011
0.656640625 1000.97641902812
0.66640625 1014.99370759933
0.676171875 1028.97235522224
0.6859375 1042.91056652839
0.695703125 1056.80648840854
0.70546875 1070.65820893054
0.715234375 1084.46375624968
0.725 1098.22109751171
0.734765625 1111.92813774836
0.74453125 1125.58271876546
0.754296875 1139.1826180236
0.7640625 1152.72554751139
0.773828125 1166.20915261126
0.78359375 1179.63101095785
0.793359375 1192.98863128894
0.803125 1206.27945228897
0.812890625 1219.50084142513
0.82265625 1232.65009377598
0.832421875 1245.7244308527
0.8421875 1258.72099941285
0.851953125 1271.63687026672
0.86171875 1284.46903707625
0.871484375 1297.21441514652
0.88125 1309.86984020979
0.891015625 1322.43206720212
0.90078125 1334.89776903258
0.910546875 1347.26353534498
0.9203125 1359.52587127218
0.930078125 1371.681196183
0.93984375 1383.72584242168
0.949609375 1395.65605403987
0.959375 1407.46798552127
0.969140625 1419.15770049874
0.97890625 1430.72117046405
0.988671875 1442.15427347017
0.9984375 1453.45279282611
1.008203125 1464.61241578438
1.01796875 1475.62873222097
1.027734375 1486.49723330789
1.0375 1497.21331017833
1.047265625 1507.77225258434
1.05703125 1518.1692475471
1.066796875 1528.39937799974
1.0765625 1538.45762142277
1.086328125 1548.33884847199
1.09609375 1558.03782159907
1.105859375 1567.54919366464
1.115625 1576.86750654395
1.125390625 1585.98718972509
1.13515625 1594.90255889984
1.144921875 1603.60781454698
1.1546875 1612.09704050828
1.164453125 1620.36420255697
1.17421875 1628.40314695882
1.183984375 1636.20759902578
1.19375 1643.7711616622
1.203515625 1651.08731390359
1.21328125 1658.14940944793
1.223046875 1664.95067517966
1.2328125 1671.48420968607
1.242578125 1677.74298176639
1.25234375 1683.71982893339
1.262109375 1689.40745590757
1.271875 1694.79843310386
1.281640625 1699.885195111
1.29140625 1704.66003916336
1.301171875 1709.11512360543
1.3109375 1713.24246634879
1.320703125 1717.03394332175
1.33046875 1720.48128691143
1.340234375 1723.57608439855
1.35 1726.30977638464
1.359765625 1728.67365521196
1.36953125 1730.65886337587
1.379296875 1732.25639192984
1.3890625 1733.45707888297
1.398828125 1734.25160759017
1.40859375 1734.63050513479
1.418359375 1734.58414070391
1.428125 1734.10272395614
1.437890625 1733.17630338204
1.44765625 1731.79476465703
1.457421875 1729.94782898696
1.4671875 1727.62505144618
1.476953125 1724.8158193082
1.48671875 1721.50935036894
1.496484375 1717.69469126246
