0
10.24
20.48
30.72
40.96
51.2
61.44
71.68
81.92
92.16
102.4
112.64
122.88
133.12
143.36
153.6
163.84
174.08
184.32
194.56
204.8
215.04
225.28
235.52
245.76
256
266.24
276.48
286.72
296.96
307.2
317.44
327.68
337.92
348.16
358.4
368.64
378.88
389.12
399.36
409.6
419.84
430.08
440.32
450.56
460.8
471.04
481.28
491.52
501.76
512
522.24
532.48
542.72
552.96
563.2
573.44
583.68
593.92
604.16
614.4
624.64
634.88
645.12
655.36
665.6
675.84
686.08
696.32
706.56
716.8
727.04
737.28
747.52
757.76
768
778.24
788.48
798.72
808.96
819.2
829.44
839.68
849.92
860.16
870.4
880.64
890.88
901.12
911.36
921.6
931.84
942.08
952.32
962.56
972.8
983.04
993.28
1003.52
1013.76
1024
1034.24
1044.48
1054.72
1064.96
1075.2
1085.44
1095.68
1105.92
1116.16
1126.4
1136.64
1146.88
1157.12
1167.36
1177.6
1187.84
1198.08
1208.32
1218.56
1228.8
1239.04
1249.28
1259.52
1269.76
1280
1290.24
1300.48
1310.72
1320.96
1331.2
1341.44
1351.68
1361.92
1372.16
1382.4
1392.64
1402.88
1413.12
1423.36
1433.6
1443.84
1454.08
1464.32
1474.56
1484.8
1495.04
1505.28
1515.52
1525.76
1536
1546.24
1556.48
1566.72
1576.96
1587.2
1597.44
1607.68
1617.92
1628.16
1638.4
1648.64
1658.88
1669.12
1679.36
1689.6
1699.84
1710.08
1720.32
1730.56
1740.8
1751.04
1761.28
1771.52
1781.76
1792
1802.24
1812.48
1822.72
1832.96
1843.2
1853.44
1863.68
1873.92
1884.16
1894.4
1904.64
1914.88
1925.12
1935.36
1945.6
1955.84
1966.08
1976.32
1986.56
1996.8
