0.148828125 266.24
0.15859375 276.48
0.168359375 276.48
0.178125 276.48
0.187890625 286.72
0.19765625 286.72
0.207421875 286.72
0.2171875 286.72
0.226953125 368.64
0.23671875 430.08
0.246484375 430.08
0.25625 430.08
0.266015625 450.56
0.27578125 450.56
0.285546875 450.56
0.2953125 450.56
0.305078125 450.56
0.31484375 532.48
0.324609375 532.48
0.334375 532.48
0.344140625 532.48
0.35390625 522.24
0.363671875 522.24
0.3734375 522.24
0.383203125 522.24
0.39296875 522.24
0.402734375 512
0.62734375 993.28
0.637109375 993.28
0.646875 993.28
0.656640625 993.28
0.66640625 993.28
0.695703125 1116.16
0.70546875 1116.16
0.715234375 1116.16
0.725 1116.16
0.74453125 1116.16
0.754296875 1126.4
0.7640625 1208.32
0.773828125 1228.8
0.78359375 1239.04
0.793359375 1239.04
0.803125 1249.28
0.812890625 1249.28
0.82265625 1249.28
0.832421875 1249.28
0.8421875 1249.28
0.851953125 1269.76
0.86171875 1290.24
0.871484375 1300.48
0.88125 1392.64
0.891015625 1392.64
0.90078125 1392.64
0.910546875 1392.64
0.9203125 1392.64
0.930078125 1392.64
0.93984375 1392.64
0.949609375 1443.84
0.959375 1454.08
0.969140625 1454.08
0.97890625 1454.08
0.988671875 1454.08
0.9984375 1464.32
1.008203125 1464.32
1.01796875 1464.32
1.027734375 1515.52
1.0375 1515.52
1.047265625 1515.52
1.05703125 1546.24
1.066796875 1546.24
1.0765625 1546.24
1.086328125 1556.48
1.09609375 1556.48
1.105859375 1556.48
1.115625 1556.48
1.125390625 1566.72
1.13515625 1566.72
1.144921875 1566.72
1.1546875 1576.96
1.164453125 1607.68
1.17421875 1607.68
1.183984375 1607.68
1.19375 1617.92
1.203515625 1617.92
1.21328125 1617.92
1.223046875 1617.92
1.2328125 1617.92
1.242578125 1617.92
1.25234375 1628.16
1.262109375 1679.36
1.271875 1679.36
1.281640625 1679.36
1.29140625 1679.36
1.301171875 1679.36
1.3109375 1689.6
1.320703125 1689.6
1.33046875 1699.84
1.340234375 1699.84
1.35 1710.08
1.359765625 1710.08
1.36953125 1710.08
1.379296875 1720.32
1.3890625 1730.56
1.398828125 1730.56
1.40859375 1730.56
1.418359375 1740.8
1.428125 1751.04
1.437890625 1751.04
1.44765625 1751.04
1.457421875 1751.04
1.4671875 1771.52
1.476953125 1781.76
1.48671875 1781.76
1.496484375 1781.76
