0.148828125 0.000425282253706558 0.000249685631781846 0.000600878875631271
0.15859375 0.000448096616173485 0.000269802513917198 0.000626390718429773
0.168359375 0.00047088869927559 0.000289807408607942 0.000651969989943238
0.178125 0.000493696522566771 0.000309735460480731 0.00067765758465281
0.187890625 0.000516558076797947 0.000329621670382752 0.000703494483213142
0.19765625 0.000539511319777589 0.000349500886878042 0.000729521752677137
0.207421875 0.000562594171720811 0.000369407797072224 0.000755780546369397
0.2171875 0.000585844510048685 0.000389376916723753 0.000782312103373616
0.226953125 0.000609300163599019 0.00040944257959951 0.000809157747598527
0.23671875 0.000632998906209401 0.000429638926032378 0.000836358886386425
0.246484375 0.000656978449632957 0.000449999890638302 0.000863957008627611
0.25625 0.000681276435746863 0.000470559189150271 0.000891993682343455
0.266015625 0.000705930428013364 0.000491350304326672 0.000920510551700056
0.27578125 0.00073097790215268 0.00051240647089156 0.000949549333413799
0.285546875 0.00075645623598697 0.000533760659464633 0.000979151812509306
0.2953125 0.000782402698414243 0.000555445559438951 0.00100935983738953
0.305078125 0.000808854437470929 0.000577493560764919 0.00104021531417694
0.31484375 0.00083584846744166 0.000599936734599579 0.00107176020028374
0.324609375 0.000863421654974715 0.00062280681278098 0.00110403649716845
0.334375 0.000891610704161525 0.000646135166088219 0.00113708624223483
0.344140625 0.000920452140538644 0.000669952781248804 0.00117095149982848
0.35390625 0.000949982293970643 0.00069429023665616 0.00120567435128512
0.363671875 0.000980237280372531 0.000719177676761535 0.00124129688398353
0.3734375 0.0010112529822305 0.000744644785106138 0.00127786117935487
0.383203125 0.00104306502788008 0.000770720755961242 0.00131540929979892
0.39296875 0.00107570876950108 0.000797434264546036 0.00135398327445612
0.402734375 0.00110921925978928 0.000824813435795418 0.00139362508378315
0.4125 0.00114363122726523 0.00085288581165255 0.0014343766428779
0.422265625 0.00117897905018115 0.000881678316863989 0.00147627978349831
0.43203125 0.00121529672898789 0.000911217223258522 0.00151937623471726
0.441796875 0.00125261785732434 0.000941528112494447 0.00156370760215423
0.4515625 0.00129097559149311 0.000972635837264178 0.00160931534572204
0.461328125 0.00133040261838704 0.00100456448094941 0.00165624075582467
0.47109375 0.00137093112183251 0.00103733731572503 0.00170452492793998
0.480859375 0.00141259274731681 0.00107097675911537 0.00175420873551824
0.490625 0.00145541856506836 0.00110550432901201 0.00180533280112472
0.500390625 0.00149943903146024 0.00114094059716902 0.00185793746575145
0.51015625 0.00154468394870921 0.00117730514119827 0.00191206275622016
0.519921875 0.00159118242284471 0.0012146164950948 0.00196774835059461
0.5296875 0.0016389628199239 0.00125289209833066 0.00202503354151713
0.539453125 0.00168805272047194 0.00129214824356404 0.00208395719737985
0.54921875 0.00173847887212857 0.00133240002302011 0.00214455772123704
0.558984375 0.00179026714048514 0.00137366127361009 0.0022068730073602
0.56875 0.00184344245809923 0.00141594452086564 0.00227094039533283
0.578515625 0.00189802877167707 0.00145926092177761 0.00233679662157653
0.58828125 0.00195404898741736 0.0015036202066402 0.00240447776819452
0.598046875 0.00201152491451395 0.00154903062001482 0.00247401920901308
0.6078125 0.00207047720681848 0.00159549886094202 0.00254545555269493
0.617578125 0.00213092530266843 0.00164303002254431 0.00261882058279256
0.62734375 0.00219288736289047 0.00169162753117859 0.00269414719460235
0.637109375 0.00225638020699348 0.00174129308531325 0.00277146732867371
0.646875 0.0023214192475709 0.00179202659432202 0.00285081190081978
