0.148828125
0.15859375
0.168359375
0.178125
0.187890625
0.19765625
0.207421875
0.2171875
0.226953125
0.23671875
0.246484375
0.25625
0.266015625
0.27578125
0.285546875
0.2953125
0.305078125
0.31484375
0.324609375
0.334375
0.344140625
0.35390625
0.363671875
0.3734375
0.383203125
0.39296875
0.402734375
0.4125
0.422265625
0.43203125
0.441796875
0.4515625
0.461328125
0.47109375
0.480859375
0.490625
0.500390625
0.51015625
0.519921875
0.5296875
0.539453125
0.54921875
0.558984375
0.56875
0.578515625
0.58828125
0.598046875
0.6078125
0.617578125
0.62734375
0.637109375
0.646875
0.656640625
0.66640625
0.676171875
0.6859375
0.695703125
0.70546875
0.715234375
0.725
0.734765625
0.74453125
0.754296875
0.7640625
0.773828125
0.78359375
0.793359375
0.803125
0.812890625
0.82265625
0.832421875
0.8421875
0.851953125
0.86171875
0.871484375
0.88125
0.891015625
0.90078125
0.910546875
0.9203125
0.930078125
0.93984375
0.949609375
0.959375
0.969140625
0.97890625
0.988671875
0.9984375
1.008203125
1.01796875
1.027734375
1.0375
1.047265625
1.05703125
1.066796875
1.0765625
1.086328125
1.09609375
1.105859375
1.115625
1.125390625
1.13515625
1.144921875
1.1546875
1.164453125
1.17421875
1.183984375
1.19375
1.203515625
1.21328125
1.223046875
1.2328125
1.242578125
1.25234375
1.262109375
1.271875
1.281640625
1.29140625
1.301171875
1.3109375
1.320703125
1.33046875
1.340234375
1.35
1.359765625
1.36953125
1.379296875
1.3890625
1.398828125
1.40859375
1.418359375
1.428125
1.437890625
1.44765625
1.457421875
1.4671875
1.476953125
1.48671875
1.496484375
1.50625
1.516015625
1.52578125
1.535546875
1.5453125
1.555078125
1.56484375
1.574609375
1.584375
1.594140625
1.60390625
1.613671875
1.6234375
1.633203125
1.64296875
1.652734375
1.6625
1.672265625
1.68203125
1.691796875
1.7015625
