0.152 0.000502819832454886
0.162 0.000533229795151397
0.172 0.000564812055787894
0.182 0.000598395680317998
0.192 0.000633126617413069
0.202 0.000639360529087592
0.212 0.000676021856354125
0.222 0.000715049741048815
0.232 0.000720485498317217
0.242 0.000761183839477718
0.252 0.000803361536803514
0.262 0.000847621247890112
0.272 0.00085343234977237
0.282 0.0009001202818376
0.292 0.000948963301524147
0.302 0.000954303933828082
0.312 0.0010054947091173
0.322 0.0010593041729388
0.332 0.00106476461854658
0.342 0.00112117220906574
0.352 0.00112600179767907
0.362 0.00118517979917474
0.372 0.00124725110634647
0.382 0.00125164270980419
0.392 0.00131588462647839
0.402 0.00138337252588648
0.412 0.0013868586153094
0.422 0.00145699925765331
0.432 0.00145947630719498
0.442 0.00146237508145344
0.452 0.00153577290807191
0.462 0.00153878036651563
0.472 0.0016162892246845
0.482 0.00161947287050468
0.492 0.00170099774262413
0.502 0.00170433734610923
0.512 0.00179052871531568
0.522 0.00179390744940155
0.532 0.0018841456386198
0.542 0.00188754592475001
0.552 0.00198264262775869
0.562 0.00198617851890861
0.572 0.00198963753898118
0.582 0.00208952848127024
0.592 0.00209311743320684
0.602 0.00209656141367537
0.612 0.00220217947496606
0.622 0.00220613433091852
0.632 0.00231711451479068
0.642 0.00232085519475057
