1e+06 0 1 1 1 1
1e+06 0.141791044776119 0.000836323177994975 0.00202890707254511 6.6557090060936e-06 0.650142380292797
1e+06 0 1 1 1 1
1e+06 0.886792452830189 0.000651492145574571 9.81628416532647e-05 1.50655833854173e-08 0.111858108340968
1e+06 0 0.000979416759010211 0.0014216822052617 2.02186443851124e-06 2.05878240686134
1e+06 0.1328125 0.000821673237159471 0.00196208152382322 5.72471869341901e-06 0.710527656926914
1e+06 0 1 1 1 1
1e+06 0 0.00105169573881056 0.00168426240282978 2.83680998422664e-06 2.805009414506
1e+06 0 0.000886059008541581 0.00117403913996362 1.38923769222898e-06 1.58494369845452
1e+06 0 1 1 1 1
1e+06 0 1 1 1 1
1e+06 0 1 1 1 1
1e+06 0.186046511627907 0.000874013683967393 0.000702780444624938 5.2823194256109e-07 0.750932700071166
1e+06 0 1 1 1 1
1e+06 0 0.00108843759873563 0.00181993468235264 3.31225744682767e-06 3.32515946386841
1e+06 0.292682926829268 0.0008813865592971 0.000775621861004442 7.97553021924193e-07 0.58032642373412
1e+06 0 1 1 1 1
1e+06 0 1 1 1 1
1e+06 0 0.00104303373620972 0.00140791766696762 2.0001609307291e-06 1.80076614672746
1e+06 0 1 1 1 1
1e+06 0.285714285714286 0.000874324760558562 0.0007746710339456 8.0684490046852e-07 0.553069003939389
1e+06 0 1 1 1 1
1e+06 0 0.00110360972267147 0.00188388759482008 3.54909103833239e-06 3.64024423931327
1e+06 0 0.000989709331361312 0.000995146345614422 1.0170172840944e-06 1.07465887925621
1e+06 0 1 1 1 1
1e+06 0 0.0010461649831842 0.00168752187690533 2.84793887347317e-06 2.87373272689615
1e+06 0 1 1 1 1
1e+06 0.316239316239316 0.000908799282716176 0.00126686917938183 3.08875300874735e-06 0.351237767657573
1e+06 0 1 1 1 1
1e+06 0 1 1 1 1
1e+06 0.402985074626866 0.000721826960747753 0.000423668430322753 2.30378802488693e-07 0.349779086404839
1e+06 0 0.000910035174629408 0.000864152743922249 7.64414708908448e-07 0.935950718455249
1e+06 0.848484848484849 0.000530719120280372 0.000197590380894986 7.74378033174245e-08 0.160608879362796
1e+06 0 1 1 1 1
1e+06 0 1 1 1 1
1e+06 0 0.000723890287336115 0.000528381338128692 2.85274628428063e-07 0.536367459081143
1e+06 0 1 1 1 1
1e+06 0 0.00107392589412121 0.00177231207971399 3.14114437407367e-06 3.15052538348985
1e+06 0.254901960784314 0.00105137593316631 0.000921800018533847 1.07329056400038e-06 1.00096244817273
1e+06 0 0.000870703065653099 0.000900904718219029 8.15371052627539e-07 1.02113770216399
1e+06 0 1 1 1 1
1e+06 0 1 1 1 1
1e+06 0 1 1 1 1
1e+06 0 1 1 1 1
1e+06 0 1 1 1 1
1e+06 0 1 1 1 1
1e+06 0 1 1 1 1
1e+06 0 1 1 1 1
1e+06 0 1 1 1 1
1e+06 0.611940298507463 0.000829916829542377 0.000361372132660475 1.73266359757785e-07 0.328105971830534
1e+06 0.141304347826087 0.0007022670453374 0.00106679717919538 1.54670180103354e-06 0.551004093565226
1e+06 0 1 1 1 1
1e+06 0 1 1 1 1
1e+06 0 1 1 1 1
1e+06 0.14 0.000703201910567138 0.00145083795306152 2.89880514126726e-06 0.70250367473499
1e+06 0.283018867924528 0.00106022187104412 0.00090535244557902 1.0881344183557e-06 0.988747613170505
1e+06 0 0.000926908726803237 0.00128322301579139 1.65270934207878e-06 1.77677820690411
1e+06 0.461538461538462 0.000979875057520974 0.000668105060302745 6.55601604719241e-07 0.700888097468797
1e+06 0 1 1 1 1
1e+06 0 1 1 1 1
1e+06 0 0.000906543710055736 0.00127924378820607 1.65769185323709e-06 1.85700561524105
1e+06 0.409836065573771 0.00101049529527966 0.000734740209217772 8.00560592886199e-07 0.796582824260098
1e+06 0 1 1 1 1
1e+06 0 1 1 1 1
1e+06 0 1 1 1 1
1e+06 0.583333333333333 0.000838901043075632 0.000407359669568753 2.50776366582123e-07 0.447808465771303
1e+06 0 1 1 1 1
1e+06 1 0.000599790324323034 8.55450107781508e-05 1.23595317630242e-08 0.0637700040413883
1e+06 0 1 1 1 1
1e+06 0 0.000766111340022588 0.000570335982475041 3.26063789339594e-07 0.593764857948224
1e+06 0 0.000808529169669376 0.000802478932775762 6.51226294437411e-07 0.896381370462639
1e+06 0.149253731343284 0.000941782488170956 0.00196827103313988 5.87461469011583e-06 0.709123334238312
1e+06 0.385714285714286 0.000802516408801541 0.000525931767924944 3.65814544976045e-07 0.465005928280585
1e+06 0 0.0009958109575384 0.00115612846624578 1.41834512982765e-06 1.35929215665218
1e+06 0 1 1 1 1
1e+06 0.403508771929825 0.000991592773072767 0.000734338605881734 8.20144625014109e-07 0.828796078041079
1e+06 0 1 1 1 1
1e+06 0 1 1 1 1
1e+06 0 1 1 1 1
1e+06 0 1 1 1 1
1e+06 0 1 1 1 1
1e+06 0 0.000879648370267251 0.000992202724333198 9.86890485908018e-07 1.1647975068058
1e+06 0 1 1 1 1
1e+06 0 1 1 1 1
1e+06 0 1 1 1 1
1e+06 0.588235294117647 0.000465716531066808 0.000195524042639549 5.86896116050949e-08 0.195902693886159
1e+06 0.574074074074074 0.000793188559036748 0.000318691805069582 1.40731826092413e-07 0.352087530232434
1e+06 0 1 1 1 1
1e+06 0.131578947368421 0.000679973160707989 0.00170290558470951 4.35086101174185e-06 0.599755111161756
1e+06 0 1 1 1 1
1e+06 0 1 1 1 1
1e+06 0.121739130434783 0.000569177726151241 0.00171474974665451 4.59610967251875e-06 0.530237744371955
1e+06 0.651515151515151 0.000753995372031575 0.00031775421090388 1.33123416613501e-07 0.266766998835215
1e+06 0 1 1 1 1
1e+06 0 1 1 1 1
1e+06 0.394366197183099 0.000933001141040622 0.000626995036488688 5.41819208484068e-07 0.593290213934705
1e+06 0 1 1 1 1
1e+06 0.0645161290322581 0.000635260746723761 0.000413115457678995 2.01437408007899e-07 0.403546752919455
1e+06 0 1 1 1 1
1e+06 0 1 1 1 1
