1e+06 0 1 1 1 1
1e+06 0 1 1 1 1
1e+06 0 1 1 1 1
1e+06 0 1 1 1 1
1e+06 0 1 1 1 1
1e+06 0 1 1 1 1
1e+06 0 1 1 1 1
1e+06 0 1 1 1 1
1e+06 0 1 1 1 1
1e+06 0 1 1 1 1
1e+06 0 1 1 1 1
1e+06 0 1 1 1 1
1e+06 0 1 1 1 1
1e+06 0 1 1 1 1
1e+06 0 1 1 1 1
1e+06 0 1 1 1 1
1e+06 0 1 1 1 1
1e+06 0 1 1 1 1
1e+06 0 1 1 1 1
1e+06 0 1 1 1 1
1e+06 0 1 1 1 1
1e+06 0.28 0.00104122165578377 0.000939580018279968 1.12687765508428e-06 1.03628702418484
1e+06 0 1 1 1 1
1e+06 0 1 1 1 1
1e+06 0 1 1 1 1
1e+06 0 0.00089938116036077 0.00101299085945215 1.02947306736645e-06 1.19014061509543
1e+06 0 1 1 1 1
1e+06 0 1 1 1 1
1e+06 0 1 1 1 1
1e+06 0 1 1 1 1
1e+06 0 1 1 1 1
1e+06 0 1 1 1 1
1e+06 0 1 1 1 1
1e+06 0 1 1 1 1
1e+06 0 1 1 1 1
1e+06 0 1 1 1 1
1e+06 0 1 1 1 1
1e+06 0 1 1 1 1
1e+06 0 1 1 1 1
1e+06 0 1 1 1 1
1e+06 0 1 1 1 1
1e+06 0 1 1 1 1
1e+06 0 1 1 1 1
1e+06 0 1 1 1 1
1e+06 0 0.00109637497140296 0.00186858302991734 3.49161362462341e-06 3.61042949654721
1e+06 0 1 1 1 1
1e+06 0 1 1 1 1
1e+06 0 1 1 1 1
1e+06 0 1 1 1 1
1e+06 0 1 1 1 1
1e+06 0 1 1 1 1
1e+06 0 0.000931545033284351 0.00129194842002149 1.67267297148547e-06 1.79430282393242
1e+06 0 1 1 1 1
1e+06 0 1 1 1 1
1e+06 0.188235294117647 0.000833327680552688 0.00102280348743684 1.34752378768365e-06 0.716392902048163
1e+06 0 1 1 1 1
1e+06 0 1 1 1 1
1e+06 0 1 1 1 1
1e+06 0 1 1 1 1
1e+06 0 1 1 1 1
1e+06 0 1 1 1 1
1e+06 0.217821782178218 0.00093826574921992 0.00110768637198002 1.77457274506466e-06 0.602732705456691
1e+06 0 1 1 1 1
1e+06 0 1 1 1 1
1e+06 0 0.000920175073199534 0.00118645508147303 1.4083925126015e-06 1.52050308084635
1e+06 0 1 1 1 1
1e+06 0 1 1 1 1
1e+06 0 1 1 1 1
1e+06 0 1 1 1 1
1e+06 0 1 1 1 1
1e+06 0 1 1 1 1
1e+06 0 1 1 1 1
1e+06 0 1 1 1 1
1e+06 0.310810810810811 0.00101663349628642 0.000816383804655799 9.42183869475866e-07 0.77601446567835
1e+06 0 1 1 1 1
1e+06 0 1 1 1 1
1e+06 0 1 1 1 1
1e+06 0 1 1 1 1
1e+06 0 1 1 1 1
1e+06 0 1 1 1 1
1e+06 0 1 1 1 1
1e+06 0 1 1 1 1
1e+06 0 1 1 1 1
1e+06 0 1 1 1 1
1e+06 0 1 1 1 1
1e+06 0 1 1 1 1
1e+06 0 1 1 1 1
1e+06 0 1 1 1 1
1e+06 0 1 1 1 1
1e+06 0 1 1 1 1
1e+06 0 1 1 1 1
1e+06 0 1 1 1 1
1e+06 0 1 1 1 1
1e+06 0.232558139534884 0.000834266308350895 0.000641110847295665 4.45802121569416e-07 0.694491278502037
1e+06 0 1 1 1 1
1e+06 0 1 1 1 1
1e+06 0 1 1 1 1
1e+06 0 1 1 1 1
1e+06 0 0.000784704499204139 0.000708955211907876 5.04976878612232e-07 0.769787369510253
1e+06 0 0.000889668134262751 0.00127949206351073 1.66139666246757e-06 1.93070289639626
