1e+06 0 -2 -2 -2 -2
1e+06 0 -2 -2 -2 -2
1e+06 0 0.000448629616076731 0.000551150456796671 3.03986948415239e-07 1.36599266095758
1e+06 0 -2 -2 -2 -2
1e+06 0 -2 -2 -2 -2
1e+06 0 -2 -2 -2 -2
1e+06 0 -2 -2 -2 -2
1e+06 0 -2 -2 -2 -2
1e+06 0 -2 -2 -2 -2
1e+06 0 0.000474074450377818 0.000488160420162345 2.53104592111447e-07 1.0968928075125
1e+06 0 -2 -2 -2 -2
1e+06 0 -2 -2 -2 -2
1e+06 0 -2 -2 -2 -2
1e+06 0 -2 -2 -2 -2
1e+06 0 -2 -2 -2 -2
1e+06 0.714285714285714 0.000335527916274973 0.000146319989204471 2.17587691591358e-08 0.280730605502768
1e+06 0 0.000453625823146539 0.000620709102117609 3.87027231928731e-07 1.71654610409606
1e+06 0 -2 -2 -2 -2
1e+06 1 0.0002614107372643 6.58756813101076e-05 6.73113617581153e-09 0.114561057141872
1e+06 0 -2 -2 -2 -2
1e+06 0 0.000446811589031335 0.000529025813182357 2.79920493307636e-07 1.27887902442531
1e+06 0 0.000504075389290803 0.000823560896285007 6.792658438849e-07 3.00084744883493
1e+06 0 -2 -2 -2 -2
1e+06 0.517241379310345 0.000289431533675704 0.000169819153358405 4.52879473307898e-08 0.305084006977621
1e+06 0 0.000514127415579737 0.00083712119355623 7.01188877307187e-07 2.96929901477136
1e+06 0 0.000548436719366094 0.000790140672833611 6.32093346986382e-07 2.1254342395315
1e+06 0 -2 -2 -2 -2
1e+06 0 -2 -2 -2 -2
1e+06 0 -2 -2 -2 -2
1e+06 0 -2 -2 -2 -2
1e+06 0 -2 -2 -2 -2
1e+06 0 -2 -2 -2 -2
1e+06 0 -2 -2 -2 -2
1e+06 0 0.000476448847095695 0.00053965435962869 2.97029586902817e-07 1.2532407480462
1e+06 0 -2 -2 -2 -2
1e+06 0 -2 -2 -2 -2
1e+06 0 -2 -2 -2 -2
1e+06 0 -2 -2 -2 -2
1e+06 0 -2 -2 -2 -2
1e+06 0 0.000384190909647672 0.000396057199280036 1.60772843337491e-07 0.91468518044665
1e+06 0 -2 -2 -2 -2
1e+06 0 -2 -2 -2 -2
1e+06 0 -2 -2 -2 -2
1e+06 0 -2 -2 -2 -2
1e+06 0 -2 -2 -2 -2
1e+06 0.6 0.000389439082635957 0.000148027820754975 3.28183886398991e-08 0.335991191365063
1e+06 0 -2 -2 -2 -2
1e+06 0 -2 -2 -2 -2
1e+06 0 -2 -2 -2 -2
1e+06 0 -2 -2 -2 -2
1e+06 0 -2 -2 -2 -2
1e+06 0 -2 -2 -2 -2
1e+06 0 0.000538527156418561 0.000863101890325935 7.45154032809292e-07 2.82798649559634
1e+06 0 -2 -2 -2 -2
1e+06 0 -2 -2 -2 -2
1e+06 0 -2 -2 -2 -2
1e+06 0 -2 -2 -2 -2
1e+06 0 -2 -2 -2 -2
1e+06 0 -2 -2 -2 -2
1e+06 0 -2 -2 -2 -2
1e+06 0 -2 -2 -2 -2
1e+06 0 -2 -2 -2 -2
1e+06 0 0.000475994710930044 0.000515646118363556 2.7579789030071e-07 1.17513171606599
1e+06 0 -2 -2 -2 -2
1e+06 0 -2 -2 -2 -2
1e+06 0 0.000380516926170281 0.000350066251768131 1.24030070771993e-07 0.771515077224511
1e+06 0 0.000403114729699257 0.000489002454637533 2.49631110621427e-07 1.26087619981408
1e+06 0 0.000449455954747736 0.000497242630290718 2.48106996879391e-07 1.1535761016792
1e+06 0 -2 -2 -2 -2
1e+06 0 0.000462896657991193 0.000640675385346703 4.11723492452386e-07 1.77617461276737
1e+06 0 -2 -2 -2 -2
1e+06 0 -2 -2 -2 -2
1e+06 0 -2 -2 -2 -2
1e+06 0 -2 -2 -2 -2
1e+06 0 -2 -2 -2 -2
1e+06 0 -2 -2 -2 -2
1e+06 0 -2 -2 -2 -2
1e+06 0 0.000496814274830506 0.000744045737876996 5.5393243924589e-07 2.23793028200517
1e+06 0 -2 -2 -2 -2
1e+06 0 -2 -2 -2 -2
1e+06 0 -2 -2 -2 -2
1e+06 0 0.000473328108261133 0.000646275969939141 4.17829009300013e-07 1.74254658084997
1e+06 0 0.00041232358826887 0.000581957780573453 3.53746301910354e-07 1.81515105088574
1e+06 0 -2 -2 -2 -2
1e+06 0 -2 -2 -2 -2
1e+06 0 0.000508933211939006 0.000577997034715176 3.54310769140716e-07 1.32565998169976
1e+06 0 0.000512119948543593 0.000663626580064806 4.48382791969522e-07 1.64335464645919
1e+06 0 -2 -2 -2 -2
1e+06 0 0.000456677883363317 0.00063294698084433 4.02702903481101e-07 1.78156779519692
1e+06 0 -2 -2 -2 -2
1e+06 0 0.000442257186060464 0.000620851071382104 3.91412852361418e-07 1.79954546153619
1e+06 0 -2 -2 -2 -2
1e+06 0 0.000409340279998228 0.00036616524160545 1.34276533747349e-07 0.789437159489157
1e+06 0 -2 -2 -2 -2
1e+06 0 0.00051445494688191 0.000652547473707579 4.33476667677683e-07 1.59161098091922
1e+06 0 -2 -2 -2 -2
1e+06 0 -2 -2 -2 -2
1e+06 0 -2 -2 -2 -2
1e+06 0 -2 -2 -2 -2
1e+06 0 0.000479585923547735 0.000634906766388881 4.03311099447075e-07 1.64430392114489
