1e+06 0 -2 -2 -2 -2
1e+06 0 -2 -2 -2 -2
1e+06 0 -2 -2 -2 -2
1e+06 0 -2 -2 -2 -2
1e+06 0 -2 -2 -2 -2
1e+06 0 0.000548997602269521 0.000911798645657124 8.31531735739639e-07 3.24421226773129
1e+06 0 -2 -2 -2 -2
1e+06 0 -2 -2 -2 -2
1e+06 0 -2 -2 -2 -2
1e+06 0 0.000437691417203236 0.000484732634000824 2.36825390271958e-07 1.13717219963668
1e+06 0 -2 -2 -2 -2
1e+06 0 -2 -2 -2 -2
1e+06 0.162790697674419 0.000460783031102085 0.000401208323674817 1.74825912602301e-07 0.866292062257856
1e+06 0 -2 -2 -2 -2
1e+06 0 -2 -2 -2 -2
1e+06 0 0.000386039320193054 0.000318942441886442 1.01842554597458e-07 0.681469051333514
1e+06 0.0256410256410256 0.000452712318994192 0.000435137662692224 2.01136496476853e-07 0.96769488345663
1e+06 0 -2 -2 -2 -2
1e+06 0 -2 -2 -2 -2
1e+06 0 -2 -2 -2 -2
1e+06 0 -2 -2 -2 -2
1e+06 0 -2 -2 -2 -2
1e+06 0 -2 -2 -2 -2
1e+06 0 -2 -2 -2 -2
1e+06 0 -2 -2 -2 -2
1e+06 0 -2 -2 -2 -2
1e+06 0 -2 -2 -2 -2
1e+06 0 -2 -2 -2 -2
1e+06 0 -2 -2 -2 -2
1e+06 0 -2 -2 -2 -2
1e+06 0 -2 -2 -2 -2
1e+06 0 -2 -2 -2 -2
1e+06 0 -2 -2 -2 -2
1e+06 0 -2 -2 -2 -2
1e+06 0 -2 -2 -2 -2
1e+06 0 -2 -2 -2 -2
1e+06 0 -2 -2 -2 -2
1e+06 0 -2 -2 -2 -2
1e+06 0 -2 -2 -2 -2
1e+06 0 -2 -2 -2 -2
1e+06 0 -2 -2 -2 -2
1e+06 0 0.00041227582059398 0.000433496363733879 1.884597549838e-07 1.00298746940083
1e+06 0 -2 -2 -2 -2
1e+06 0 -2 -2 -2 -2
1e+06 0 -2 -2 -2 -2
1e+06 0 0.000353077904964664 0.000314600352450635 1.1183501080693e-07 0.669473332662282
1e+06 0 -2 -2 -2 -2
1e+06 0 -2 -2 -2 -2
1e+06 0 -2 -2 -2 -2
1e+06 0 -2 -2 -2 -2
1e+06 0 -2 -2 -2 -2
1e+06 0 -2 -2 -2 -2
1e+06 0 -2 -2 -2 -2
1e+06 0 -2 -2 -2 -2
1e+06 0 0.000548692948604737 0.0009353537942254 8.74886974904679e-07 3.6142882688853
1e+06 0 -2 -2 -2 -2
1e+06 0 -2 -2 -2 -2
1e+06 0 -2 -2 -2 -2
1e+06 0 -2 -2 -2 -2
1e+06 0 -2 -2 -2 -2
1e+06 0 -2 -2 -2 -2
1e+06 0 -2 -2 -2 -2
1e+06 0 -2 -2 -2 -2
1e+06 0 -2 -2 -2 -2
1e+06 0 -2 -2 -2 -2
1e+06 0 -2 -2 -2 -2
1e+06 0 0.000458724648816399 0.000444381731754448 2.03794655166068e-07 0.972411259956141
1e+06 0 -2 -2 -2 -2
1e+06 0 -2 -2 -2 -2
1e+06 0 -2 -2 -2 -2
1e+06 0 -2 -2 -2 -2
1e+06 0 -2 -2 -2 -2
1e+06 0 -2 -2 -2 -2
1e+06 0 0.000488984881187732 0.000770880023439141 5.96672095775299e-07 2.61112702924047
1e+06 0 -2 -2 -2 -2
1e+06 0 -2 -2 -2 -2
1e+06 0 -2 -2 -2 -2
1e+06 0 -2 -2 -2 -2
1e+06 0 -2 -2 -2 -2
1e+06 0 -2 -2 -2 -2
1e+06 0 -2 -2 -2 -2
1e+06 0 -2 -2 -2 -2
1e+06 0 -2 -2 -2 -2
1e+06 0 -2 -2 -2 -2
1e+06 0 -2 -2 -2 -2
1e+06 0 -2 -2 -2 -2
1e+06 0 0.000461252932937341 0.000499022650026745 2.56094751159099e-07 1.14259609814058
1e+06 0 -2 -2 -2 -2
1e+06 0 -2 -2 -2 -2
1e+06 0 -2 -2 -2 -2
1e+06 0 -2 -2 -2 -2
1e+06 0 -2 -2 -2 -2
1e+06 0 -2 -2 -2 -2
1e+06 0 -2 -2 -2 -2
1e+06 0 0.000523447509317564 0.000830834659857593 6.90305255368955e-07 2.71664980177498
1e+06 0 0.000541663940600124 0.000896258515771993 8.03317315839915e-07 3.18715933448782
1e+06 0 -2 -2 -2 -2
1e+06 0 -2 -2 -2 -2
1e+06 0 -2 -2 -2 -2
1e+06 0 -2 -2 -2 -2
